URL
'https://dblp.uni-trier.de/pid/45/4788.html'
'https://dblp.uni-trier.de/pid/00/7175.html'
'https://dblp.uni-trier.de/pid/265/6260.html'
'https://dblp.uni-trier.de/pid/b/GvBochmann.html'
'https://dblp.uni-trier.de/pid/68/3528.html'
'https://dblp.uni-trier.de/pid/32/3049-1.html'
'https://dblp.uni-trier.de/pid/g/RobertGiegerich.html'
'https://dblp.uni-trier.de/pid/17/906.html'
'https://dblp.uni-trier.de/pid/55/6739.html'
'https://dblp.uni-trier.de/pid/81/894.html'
'https://dblp.uni-trier.de/pid/94/756.html'
'https://dblp.uni-trier.de/pid/81/5510.html'
'https://dblp.uni-trier.de/pid/24/3232.html'
'https://dblp.uni-trier.de/pid/19/4109.html'
'https://dblp.uni-trier.de/pid/27/1726.html'
'https://dblp.uni-trier.de/pid/38/3950.html'
'https://dblp.uni-trier.de/pid/62/6048.html'
'https://dblp.uni-trier.de/pid/146/7766.html'
'https://dblp.uni-trier.de/pid/l/KamalLodaya.html'
'https://dblp.uni-trier.de/pid/179/2511.html'
'https://dblp.uni-trier.de/pid/12/4149.html'
'https://dblp.uni-trier.de/pid/b/ChristelBaier.html'
'https://dblp.uni-trier.de/pid/97/5115.html'
'https://dblp.uni-trier.de/pid/79/5612.html'
'https://dblp.uni-trier.de/pid/73/8044.html'
'https://dblp.uni-trier.de/pid/02/929-1.html'
'https://dblp.uni-trier.de/pid/91/2771.html'
'https://dblp.uni-trier.de/pid/11/4474.html'
'https://dblp.uni-trier.de/pid/75/2199.html'
'https://dblp.uni-trier.de/pid/263/2917.html'
'https://dblp.uni-trier.de/pid/49/637.html'
'https://dblp.uni-trier.de/pid/p/FernandoCNPereira.html'
'https://dblp.uni-trier.de/pid/80/1138.html'
'https://dblp.uni-trier.de/pid/89/931.html'
'https://dblp.uni-trier.de/pid/01/2938.html'
'https://dblp.uni-trier.de/pid/t/JMTalbot.html'
'https://dblp.uni-trier.de/pid/72/463.html'
'https://dblp.uni-trier.de/pid/16/5983.html'
'https://dblp.uni-trier.de/pid/b/DenisBechet.html'
'https://dblp.uni-trier.de/pid/09/6913.html'
'https://dblp.uni-trier.de/pid/80/1808.html'
'https://dblp.uni-trier.de/pid/d/MarkDaley.html'
'https://dblp.uni-trier.de/pid/64/3333.html'
'https://dblp.uni-trier.de/pid/z/JanZdarek.html'
'https://dblp.uni-trier.de/pid/g/RobertGluck.html'
'https://dblp.uni-trier.de/pid/65/5953.html'
'https://dblp.uni-trier.de/pid/59/2499.html'
'https://dblp.uni-trier.de/pid/02/222.html'
'https://dblp.uni-trier.de/pid/91/3645.html'
'https://dblp.uni-trier.de/pid/98/6226.html'
'https://dblp.uni-trier.de/pid/d/VolkerDiekert.html'
'https://dblp.uni-trier.de/pid/92/2095.html'
'https://dblp.uni-trier.de/pid/75/5525.html'
'https://dblp.uni-trier.de/pid/63/9960.html'
'https://dblp.uni-trier.de/pid/09/7561.html'
'https://dblp.uni-trier.de/pid/61/6274.html'
'https://dblp.uni-trier.de/pid/74/5910.html'
'https://dblp.uni-trier.de/pid/74/837.html'
'https://dblp.uni-trier.de/pid/26/6700.html'
'https://dblp.uni-trier.de/pid/38/1949.html'
'https://dblp.uni-trier.de/pid/07/5192.html'
'https://dblp.uni-trier.de/pid/70/4605.html'
'https://dblp.uni-trier.de/pid/247/4205.html'
'https://dblp.uni-trier.de/pid/82/730.html'
'https://dblp.uni-trier.de/pid/02/4801.html'
'https://dblp.uni-trier.de/pid/85/1157.html'
'https://dblp.uni-trier.de/pid/76/5200.html'
'https://dblp.uni-trier.de/pid/78/997.html'
'https://dblp.uni-trier.de/pid/02/624.html'
'https://dblp.uni-trier.de/pid/78/3954.html'
'https://dblp.uni-trier.de/pid/55/5282.html'
'https://dblp.uni-trier.de/pid/96/6540.html'
'https://dblp.uni-trier.de/pid/165/8675.html'
'https://dblp.uni-trier.de/pid/132/1962.html'
'https://dblp.uni-trier.de/pid/47/6609.html'
'https://dblp.uni-trier.de/pid/265/9625.html'
'https://dblp.uni-trier.de/pid/l/KimGuldstrandLarsen.html'
'https://dblp.uni-trier.de/pid/02/5630.html'
'https://dblp.uni-trier.de/pid/09/4485.html'
'https://dblp.uni-trier.de/pid/37/1275.html'
'https://dblp.uni-trier.de/pid/39/6106.html'
'https://dblp.uni-trier.de/pid/94/270.html'
'https://dblp.uni-trier.de/pid/203/8161.html'
'https://dblp.uni-trier.de/pid/182/6122.html'
'https://dblp.uni-trier.de/pid/35/4442.html'
'https://dblp.uni-trier.de/pid/24/3612.html'
'https://dblp.uni-trier.de/pid/212/4580.html'
'https://dblp.uni-trier.de/pid/o/JOteroP.html'
'https://dblp.uni-trier.de/pid/k/ErnestKetchaNgassam.html'
'https://dblp.uni-trier.de/pid/n/NelmaMoreira.html'
'https://dblp.uni-trier.de/pid/153/1880.html'
'https://dblp.uni-trier.de/pid/67/335.html'
'https://dblp.uni-trier.de/pid/89/233-1.html'
'https://dblp.uni-trier.de/pid/29/910.html'
'https://dblp.uni-trier.de/pid/27/3868.html'
'https://dblp.uni-trier.de/pid/94/439.html'
'https://dblp.uni-trier.de/pid/56/7911.html'
'https://dblp.uni-trier.de/pid/92/3700.html'
'https://dblp.uni-trier.de/pid/55/591.html'
'https://dblp.uni-trier.de/pid/k/ChristophKoch.html'
'https://dblp.uni-trier.de/pid/99/1614.html'
'https://dblp.uni-trier.de/pid/92/2418.html'
'https://dblp.uni-trier.de/pid/05/1762.html'
'https://dblp.uni-trier.de/pid/24/5109.html'
'https://dblp.uni-trier.de/pid/n/GonzaloNavarro.html'
'https://dblp.uni-trier.de/pid/79/2132.html'
'https://dblp.uni-trier.de/pid/r/GrzegorzRozenberg.html'
'https://dblp.uni-trier.de/pid/w/ReinhardWilhelm.html'
'https://dblp.uni-trier.de/pid/s/RichardEdwinStearns.html'
'https://dblp.uni-trier.de/pid/g/GiusiCastiglione.html'
'https://dblp.uni-trier.de/pid/h/FritzHenglein.html'
'https://dblp.uni-trier.de/pid/33/2120.html'
'https://dblp.uni-trier.de/pid/53/947.html'
'https://dblp.uni-trier.de/pid/01/880.html'
'https://dblp.uni-trier.de/pid/13/471.html'
'https://dblp.uni-trier.de/pid/06/150.html'
'https://dblp.uni-trier.de/pid/40/684.html'
'https://dblp.uni-trier.de/pid/10/994.html'
'https://dblp.uni-trier.de/pid/28/10360.html'
'https://dblp.uni-trier.de/pid/46/4043.html'
'https://dblp.uni-trier.de/pid/w/TWareham.html'
'https://dblp.uni-trier.de/pid/76/2598.html'
'https://dblp.uni-trier.de/pid/296/0452.html'
'https://dblp.uni-trier.de/pid/292/7939.html'
'https://dblp.uni-trier.de/pid/48/3591.html'
'https://dblp.uni-trier.de/pid/29/3150.html'
'https://dblp.uni-trier.de/pid/37/9960.html'
'https://dblp.uni-trier.de/pid/321/6407.html'
'https://dblp.uni-trier.de/pid/08/9672.html'
'https://dblp.uni-trier.de/pid/88/4294.html'
'https://dblp.uni-trier.de/pid/16/613.html'
'https://dblp.uni-trier.de/pid/d/StephanDiehl1.html'
'https://dblp.uni-trier.de/pid/01/4421.html'
'https://dblp.uni-trier.de/pid/v/MosheYVardi.html'
'https://dblp.uni-trier.de/pid/48/1861.html'
'https://dblp.uni-trier.de/pid/93/8654.html'
'https://dblp.uni-trier.de/pid/75/4604.html'
'https://dblp.uni-trier.de/pid/y/HsuChunYen.html'
'https://dblp.uni-trier.de/pid/55/118.html'
'https://dblp.uni-trier.de/pid/147/8557.html'
'https://dblp.uni-trier.de/pid/93/11142.html'
'https://dblp.uni-trier.de/pid/98/1205.html'
'https://dblp.uni-trier.de/pid/38/4538.html'
'https://dblp.uni-trier.de/pid/61/367.html'
'https://dblp.uni-trier.de/pid/43/5661.html'
'https://dblp.uni-trier.de/pid/d/FrankDrewes.html'
'https://dblp.uni-trier.de/pid/63/548.html'
'https://dblp.uni-trier.de/pid/80/61.html'
'https://dblp.uni-trier.de/pid/20/2564.html'
'https://dblp.uni-trier.de/pid/77/5783.html'
'https://dblp.uni-trier.de/pid/60/452.html'
'https://dblp.uni-trier.de/pid/45/4452.html'
'https://dblp.uni-trier.de/pid/33/658.html'
'https://dblp.uni-trier.de/pid/86/1702.html'
'https://dblp.uni-trier.de/pid/00/5474.html'
'https://dblp.uni-trier.de/pid/37/2503.html'
'https://dblp.uni-trier.de/pid/55/9960.html'
'https://dblp.uni-trier.de/pid/b/BenediktBollig.html'
'https://dblp.uni-trier.de/pid/36/4618.html'
'https://dblp.uni-trier.de/pid/k/MSKrishnamoorthy.html'
'https://dblp.uni-trier.de/pid/38/7215.html'
'https://dblp.uni-trier.de/pid/139/8245.html'
'https://dblp.uni-trier.de/pid/24/2181.html'
'https://dblp.uni-trier.de/pid/31/7223.html'
'https://dblp.uni-trier.de/pid/77/5317.html'
'https://dblp.uni-trier.de/pid/220/4362.html'
'https://dblp.uni-trier.de/pid/h/DavidHarel.html'
'https://dblp.uni-trier.de/pid/37/153.html'
'https://dblp.uni-trier.de/pid/i/CSIliopoulos.html'
'https://dblp.uni-trier.de/pid/193/1735.html'
'https://dblp.uni-trier.de/pid/90/4218.html'
'https://dblp.uni-trier.de/pid/32/6467.html'
'https://dblp.uni-trier.de/pid/179/4995.html'
'https://dblp.uni-trier.de/pid/68/2186.html'
'https://dblp.uni-trier.de/pid/90/3379.html'
'https://dblp.uni-trier.de/pid/g/RobJvanGlabbeek.html'
'https://dblp.uni-trier.de/pid/l/ThierryLecroq.html'
'https://dblp.uni-trier.de/pid/65/8396.html'
'https://dblp.uni-trier.de/pid/16/5567.html'
'https://dblp.uni-trier.de/pid/86/8147.html'
'https://dblp.uni-trier.de/pid/89/3641.html'
'https://dblp.uni-trier.de/pid/92/272-1.html'
'https://dblp.uni-trier.de/pid/h/HaraldHempel.html'
'https://dblp.uni-trier.de/pid/45/123.html'
'https://dblp.uni-trier.de/pid/32/6117.html'
'https://dblp.uni-trier.de/pid/t/StefanoTonetta.html'
'https://dblp.uni-trier.de/pid/92/900.html'
'https://dblp.uni-trier.de/pid/08/4932.html'
'https://dblp.uni-trier.de/pid/00/2793.html'
'https://dblp.uni-trier.de/pid/82/2372.html'
'https://dblp.uni-trier.de/pid/09/1765.html'
'https://dblp.uni-trier.de/pid/09/4704.html'
'https://dblp.uni-trier.de/pid/66/9959.html'
'https://dblp.uni-trier.de/pid/72/4846.html'
'https://dblp.uni-trier.de/pid/24/10259.html'
'https://dblp.uni-trier.de/pid/50/1007.html'
'https://dblp.uni-trier.de/pid/77/1889.html'
'https://dblp.uni-trier.de/pid/51/7012.html'
'https://dblp.uni-trier.de/pid/83/2770.html'
'https://dblp.uni-trier.de/pid/176/8779.html'
'https://dblp.uni-trier.de/pid/60/9959.html'
'https://dblp.uni-trier.de/pid/11/6327.html'
'https://dblp.uni-trier.de/pid/61/3074.html'
'https://dblp.uni-trier.de/pid/56/545.html'
'https://dblp.uni-trier.de/pid/27/7026.html'
'https://dblp.uni-trier.de/pid/84/635.html'
'https://dblp.uni-trier.de/pid/81/3428.html'
'https://dblp.uni-trier.de/pid/05/2645.html'
'https://dblp.uni-trier.de/pid/71/9491.html'
'https://dblp.uni-trier.de/pid/s/JWSu.html'
'https://dblp.uni-trier.de/pid/147/8451.html'
'https://dblp.uni-trier.de/pid/98/6688.html'
'https://dblp.uni-trier.de/pid/30/6031.html'
'https://dblp.uni-trier.de/pid/147/8536.html'
'https://dblp.uni-trier.de/pid/97/5256.html'
'https://dblp.uni-trier.de/pid/77/3565.html'
'https://dblp.uni-trier.de/pid/40/1264.html'
'https://dblp.uni-trier.de/pid/09/5209.html'
'https://dblp.uni-trier.de/pid/27/10482.html'
'https://dblp.uni-trier.de/pid/g/JorgeGranaGil.html'
'https://dblp.uni-trier.de/pid/77/1610.html'
'https://dblp.uni-trier.de/pid/99/1040.html'
'https://dblp.uni-trier.de/pid/r/MohammadSohelRahman.html'
'https://dblp.uni-trier.de/pid/59/3307.html'
'https://dblp.uni-trier.de/pid/296/0334.html'
'https://dblp.uni-trier.de/pid/53/3527.html'
'https://dblp.uni-trier.de/pid/47/5900.html'
'https://dblp.uni-trier.de/pid/69/4700.html'
'https://dblp.uni-trier.de/pid/52/7111.html'
'https://dblp.uni-trier.de/pid/87/254.html'
'https://dblp.uni-trier.de/pid/s/ISimplotRyl.html'
'https://dblp.uni-trier.de/pid/s/FrankStephan.html'
'https://dblp.uni-trier.de/pid/99/4528.html'
'https://dblp.uni-trier.de/pid/28/881.html'
'https://dblp.uni-trier.de/pid/89/7033.html'
'https://dblp.uni-trier.de/pid/191/3141-1.html'
'https://dblp.uni-trier.de/pid/61/61.html'
'https://dblp.uni-trier.de/pid/48/7737.html'
'https://dblp.uni-trier.de/pid/47/6419.html'
'https://dblp.uni-trier.de/pid/132/1983.html'
'https://dblp.uni-trier.de/pid/46/1053.html'
'https://dblp.uni-trier.de/pid/y/MihalisYannakakis.html'
'https://dblp.uni-trier.de/pid/50/6664.html'
'https://dblp.uni-trier.de/pid/32/6061.html'
'https://dblp.uni-trier.de/pid/259/0271.html'
'https://dblp.uni-trier.de/pid/35/7175.html'
'https://dblp.uni-trier.de/pid/96/2152.html'
'https://dblp.uni-trier.de/pid/97/374.html'
'https://dblp.uni-trier.de/pid/23/6419.html'
'https://dblp.uni-trier.de/pid/42/4087.html'
'https://dblp.uni-trier.de/pid/s/MagnusSteinby.html'
'https://dblp.uni-trier.de/pid/36/6517.html'
'https://dblp.uni-trier.de/pid/65/3202.html'
'https://dblp.uni-trier.de/pid/132/1997.html'
'https://dblp.uni-trier.de/pid/16/8319.html'
'https://dblp.uni-trier.de/pid/142/1133.html'
'https://dblp.uni-trier.de/pid/23/3778.html'
'https://dblp.uni-trier.de/pid/05/3181.html'
'https://dblp.uni-trier.de/pid/67/1510.html'
'https://dblp.uni-trier.de/pid/29/1213.html'
'https://dblp.uni-trier.de/pid/136/2163.html'
'https://dblp.uni-trier.de/pid/s/VaclavSnasel.html'
'https://dblp.uni-trier.de/pid/77/3751.html'
'https://dblp.uni-trier.de/pid/47/1298.html'
'https://dblp.uni-trier.de/pid/54/4061.html'
'https://dblp.uni-trier.de/pid/166/1600.html'
'https://dblp.uni-trier.de/pid/66/871.html'
'https://dblp.uni-trier.de/pid/23/9.html'
'https://dblp.uni-trier.de/pid/160/8228.html'
'https://dblp.uni-trier.de/pid/s/NicolaeSantean.html'
'https://dblp.uni-trier.de/pid/k/GregoryKucherov.html'
'https://dblp.uni-trier.de/pid/s/AyumiShinohara.html'
'https://dblp.uni-trier.de/pid/43/5101.html'
'https://dblp.uni-trier.de/pid/64/1580.html'
'https://dblp.uni-trier.de/pid/23/6190.html'
'https://dblp.uni-trier.de/pid/44/90.html'
'https://dblp.uni-trier.de/pid/321/6412.html'
'https://dblp.uni-trier.de/pid/292/8936.html'
'https://dblp.uni-trier.de/pid/41/6022.html'
'https://dblp.uni-trier.de/pid/70/6176.html'
'https://dblp.uni-trier.de/pid/71/6552.html'
'https://dblp.uni-trier.de/pid/k/ShmuelTomiKlein.html'
'https://dblp.uni-trier.de/pid/46/6328.html'
'https://dblp.uni-trier.de/pid/249/5355.html'
'https://dblp.uni-trier.de/pid/52/579.html'
'https://dblp.uni-trier.de/pid/n/NadiaNedjah.html'
'https://dblp.uni-trier.de/pid/k/JHKreowski.html'
'https://dblp.uni-trier.de/pid/23/2503.html'
'https://dblp.uni-trier.de/pid/80/9679.html'
'https://dblp.uni-trier.de/pid/25/140.html'
'https://dblp.uni-trier.de/pid/61/1624.html'
'https://dblp.uni-trier.de/pid/48/4007.html'
'https://dblp.uni-trier.de/pid/03/5895.html'
'https://dblp.uni-trier.de/pid/22/1750.html'
'https://dblp.uni-trier.de/pid/165/8665.html'
'https://dblp.uni-trier.de/pid/s/MichaelISchwartzbach.html'
'https://dblp.uni-trier.de/pid/132/1960.html'
'https://dblp.uni-trier.de/pid/f/GianLuigiFerrari.html'
'https://dblp.uni-trier.de/pid/61/3416.html'
'https://dblp.uni-trier.de/pid/h/KeesHemerik.html'
'https://dblp.uni-trier.de/pid/02/2880.html'
'https://dblp.uni-trier.de/pid/49/4386.html'
'https://dblp.uni-trier.de/pid/147/8587.html'
'https://dblp.uni-trier.de/pid/52/5687.html'
'https://dblp.uni-trier.de/pid/157/6118-1.html'
'https://dblp.uni-trier.de/pid/41/1330.html'
'https://dblp.uni-trier.de/pid/83/6391.html'
'https://dblp.uni-trier.de/pid/e/ZoltanEsik.html'
'https://dblp.uni-trier.de/pid/t/GabrielThierrin.html'
'https://dblp.uni-trier.de/pid/73/3804.html'
'https://dblp.uni-trier.de/pid/73/924.html'
'https://dblp.uni-trier.de/pid/34/5632.html'
'https://dblp.uni-trier.de/pid/e/EEberbach.html'
'https://dblp.uni-trier.de/pid/53/221.html'
'https://dblp.uni-trier.de/pid/51/7703.html'
'https://dblp.uni-trier.de/pid/59/1067.html'
'https://dblp.uni-trier.de/pid/01/5931-1.html'
'https://dblp.uni-trier.de/pid/71/5675.html'
'https://dblp.uni-trier.de/pid/87/6893.html'
'https://dblp.uni-trier.de/pid/61/5622.html'
'https://dblp.uni-trier.de/pid/62/964.html'
'https://dblp.uni-trier.de/pid/b/JeanBerstel.html'
'https://dblp.uni-trier.de/pid/63/9638.html'
'https://dblp.uni-trier.de/pid/181/2007-1.html'
'https://dblp.uni-trier.de/pid/w/BruceWWatson.html'
'https://dblp.uni-trier.de/pid/a/MiguelAAlonso.html'
'https://dblp.uni-trier.de/pid/321/6043.html'
'https://dblp.uni-trier.de/pid/38/5599.html'
'https://dblp.uni-trier.de/pid/k/JoachimKlein1.html'
'https://dblp.uni-trier.de/pid/63/3208.html'
'https://dblp.uni-trier.de/pid/67/6448.html'
'https://dblp.uni-trier.de/pid/70/3797.html'
'https://dblp.uni-trier.de/pid/39/386-1.html'
'https://dblp.uni-trier.de/pid/91/5747.html'
'https://dblp.uni-trier.de/pid/21/8279.html'
'https://dblp.uni-trier.de/pid/80/6105.html'
'https://dblp.uni-trier.de/pid/165/8656.html'
'https://dblp.uni-trier.de/pid/07/10360.html'
'https://dblp.uni-trier.de/pid/90/1344.html'
'https://dblp.uni-trier.de/pid/r/BSundarRajan.html'
'https://dblp.uni-trier.de/pid/66/1105.html'
'https://dblp.uni-trier.de/pid/c/BCourcelle.html'
'https://dblp.uni-trier.de/pid/68/5147.html'
'https://dblp.uni-trier.de/pid/87/3323.html'
'https://dblp.uni-trier.de/pid/154/2814.html'
'https://dblp.uni-trier.de/pid/07/2826.html'
'https://dblp.uni-trier.de/pid/c/MClerbout.html'
'https://dblp.uni-trier.de/pid/02/1922.html'
'https://dblp.uni-trier.de/pid/79/11143.html'
'https://dblp.uni-trier.de/pid/17/6905.html'
'https://dblp.uni-trier.de/pid/20/118.html'
'https://dblp.uni-trier.de/pid/74/6087.html'
'https://dblp.uni-trier.de/pid/37/3263.html'
'https://dblp.uni-trier.de/pid/i/AIngolfsdottir.html'
'https://dblp.uni-trier.de/pid/m/SebastianManeth.html'
'https://dblp.uni-trier.de/pid/74/4110.html'
'https://dblp.uni-trier.de/pid/70/6638.html'
'https://dblp.uni-trier.de/pid/161/6309.html'
'https://dblp.uni-trier.de/pid/82/11198-1.html'
'https://dblp.uni-trier.de/pid/f/MirianHalfeldFerrariAlves.html'
'https://dblp.uni-trier.de/pid/03/5448.html'
'https://dblp.uni-trier.de/pid/59/6488.html'
'https://dblp.uni-trier.de/pid/48/3952.html'
'https://dblp.uni-trier.de/pid/44/4388.html'
'https://dblp.uni-trier.de/pid/28/6153.html'
'https://dblp.uni-trier.de/pid/144/7555.html'
'https://dblp.uni-trier.de/pid/45/756.html'
'https://dblp.uni-trier.de/pid/22/3249.html'
'https://dblp.uni-trier.de/pid/157/8638.html'
'https://dblp.uni-trier.de/pid/18/1323.html'
'https://dblp.uni-trier.de/pid/32/618.html'
'https://dblp.uni-trier.de/pid/k/StavrosKonstantinidis.html'
'https://dblp.uni-trier.de/pid/t/HingFungTing.html'
'https://dblp.uni-trier.de/pid/92/5606.html'
'https://dblp.uni-trier.de/pid/13/5665.html'
'https://dblp.uni-trier.de/pid/03/3582.html'
'https://dblp.uni-trier.de/pid/73/3073.html'
'https://dblp.uni-trier.de/pid/w/PierreWolper.html'
'https://dblp.uni-trier.de/pid/55/1359.html'
'https://dblp.uni-trier.de/pid/33/713.html'
'https://dblp.uni-trier.de/pid/78/4640.html'
'https://dblp.uni-trier.de/pid/78/5300.html'
'https://dblp.uni-trier.de/pid/42/6841.html'
'https://dblp.uni-trier.de/pid/42/2723.html'
'https://dblp.uni-trier.de/pid/20/2344.html'
'https://dblp.uni-trier.de/pid/55/10307.html'
'https://dblp.uni-trier.de/pid/14/133.html'
'https://dblp.uni-trier.de/pid/180/5480.html'
'https://dblp.uni-trier.de/pid/07/6238.html'
'https://dblp.uni-trier.de/pid/44/6743.html'
'https://dblp.uni-trier.de/pid/e/JEsparza.html'
'https://dblp.uni-trier.de/pid/51/1316.html'
'https://dblp.uni-trier.de/pid/201/5390.html'
'https://dblp.uni-trier.de/pid/r/SusanHRodger.html'
'https://dblp.uni-trier.de/pid/55/5062.html'
'https://dblp.uni-trier.de/pid/i/OscarHIbarra.html'
'https://dblp.uni-trier.de/pid/06/3334.html'
'https://dblp.uni-trier.de/pid/p/GPaun.html'
'https://dblp.uni-trier.de/pid/69/1625.html'
'https://dblp.uni-trier.de/pid/24/4309.html'
'https://dblp.uni-trier.de/pid/22/250.html'
'https://dblp.uni-trier.de/pid/88/1129.html'
'https://dblp.uni-trier.de/pid/g/PaulGastin.html'
'https://dblp.uni-trier.de/pid/51/3734.html'
'https://dblp.uni-trier.de/pid/23/584.html'
'https://dblp.uni-trier.de/pid/87/2946.html'
'https://dblp.uni-trier.de/pid/51/1896.html'
'https://dblp.uni-trier.de/pid/44/4585.html'
'https://dblp.uni-trier.de/pid/67/3488.html'
'https://dblp.uni-trier.de/pid/83/2086.html'
'https://dblp.uni-trier.de/pid/39/6778.html'
'https://dblp.uni-trier.de/pid/249/5768.html'
'https://dblp.uni-trier.de/pid/118/1344.html'
'https://dblp.uni-trier.de/pid/t/PeterThiemann.html'
'https://dblp.uni-trier.de/pid/68/5692.html'
'https://dblp.uni-trier.de/pid/97/8237.html'
'https://dblp.uni-trier.de/pid/53/3923.html'
'https://dblp.uni-trier.de/pid/83/4294.html'
'https://dblp.uni-trier.de/pid/t/JormaTarhio.html'
'https://dblp.uni-trier.de/pid/35/4166.html'
'https://dblp.uni-trier.de/pid/b/JABrzozowski.html'
'https://dblp.uni-trier.de/pid/79/1435.html'
'https://dblp.uni-trier.de/pid/68/4299.html'
'https://dblp.uni-trier.de/pid/30/6143.html'
'https://dblp.uni-trier.de/pid/27/606.html'
'https://dblp.uni-trier.de/pid/118/1311.html'
'https://dblp.uni-trier.de/pid/85/5520.html'
'https://dblp.uni-trier.de/pid/m/FilippoMignosi.html'
'https://dblp.uni-trier.de/pid/e/AEhrenfeucht.html'
'https://dblp.uni-trier.de/pid/16/658.html'
'https://dblp.uni-trier.de/pid/194/2376.html'
'https://dblp.uni-trier.de/pid/10/695-4.html'
'https://dblp.uni-trier.de/pid/33/5963.html'
'https://dblp.uni-trier.de/pid/04/2667-1.html'
'https://dblp.uni-trier.de/pid/34/188-1.html'
'https://dblp.uni-trier.de/pid/72/4842.html'
'https://dblp.uni-trier.de/pid/f/HenningFernau.html'
'https://dblp.uni-trier.de/pid/05/4417.html'
'https://dblp.uni-trier.de/pid/d/ManfredDroste.html'
'https://dblp.uni-trier.de/pid/79/477.html'
'https://dblp.uni-trier.de/pid/16/3031.html'
'https://dblp.uni-trier.de/pid/182/6176.html'
'https://dblp.uni-trier.de/pid/00/5897.html'
'https://dblp.uni-trier.de/pid/89/7966.html'
'https://dblp.uni-trier.de/pid/f/ZoltanFulop1.html'
'https://dblp.uni-trier.de/pid/s/KamranSedig.html'
'https://dblp.uni-trier.de/pid/l/HsuehILu.html'
'https://dblp.uni-trier.de/pid/h/MarkusHolzer1.html'
'https://dblp.uni-trier.de/pid/20/999.html'
'https://dblp.uni-trier.de/pid/00/4758.html'
'https://dblp.uni-trier.de/pid/49/3088.html'
'https://dblp.uni-trier.de/pid/19/38.html'
'https://dblp.uni-trier.de/pid/318/2744.html'
'https://dblp.uni-trier.de/pid/v/JesusVilares.html'
'https://dblp.uni-trier.de/pid/43/2367.html'
'https://dblp.uni-trier.de/pid/c/MCrochemore.html'
'https://dblp.uni-trier.de/pid/192/1754.html'
'https://dblp.uni-trier.de/pid/29/5029.html'
'https://dblp.uni-trier.de/pid/98/2498.html'
'https://dblp.uni-trier.de/pid/62/8217.html'
'https://dblp.uni-trier.de/pid/09/1881.html'
'https://dblp.uni-trier.de/pid/59/9687.html'
'https://dblp.uni-trier.de/pid/44/2355.html'
'https://dblp.uni-trier.de/pid/223/4918.html'
'https://dblp.uni-trier.de/pid/19/336.html'
'https://dblp.uni-trier.de/pid/76/5063.html'
'https://dblp.uni-trier.de/pid/c/LoekCleophas.html'
'https://dblp.uni-trier.de/pid/79/7411.html'
'https://dblp.uni-trier.de/pid/24/8836.html'
'https://dblp.uni-trier.de/pid/12/3055.html'
'https://dblp.uni-trier.de/pid/03/67.html'
'https://dblp.uni-trier.de/pid/s/LudwigStaiger.html'
'https://dblp.uni-trier.de/pid/118/1460.html'
'https://dblp.uni-trier.de/pid/147/8411.html'
'https://dblp.uni-trier.de/pid/97/10625.html'
'https://dblp.uni-trier.de/pid/k/AloisKnoll.html'
'https://dblp.uni-trier.de/pid/182/9958.html'
'https://dblp.uni-trier.de/pid/82/3309.html'
'https://dblp.uni-trier.de/pid/o/JoseNunoOliveira.html'
'https://dblp.uni-trier.de/pid/85/733.html'
'https://dblp.uni-trier.de/pid/70/6536-3.html'
'https://dblp.uni-trier.de/pid/58/10670.html'
'https://dblp.uni-trier.de/pid/66/6771.html'
'https://dblp.uni-trier.de/pid/68/8774.html'
'https://dblp.uni-trier.de/pid/59/9125.html'
'https://dblp.uni-trier.de/pid/c/KarelCulikII.html'
'https://dblp.uni-trier.de/pid/34/5542.html'
'https://dblp.uni-trier.de/pid/g/JorgeGranaGil.html'
'https://dblp.uni-trier.de/pid/01/4182.html'
'https://dblp.uni-trier.de/pid/59/3392.html'
'https://dblp.uni-trier.de/pid/74/410.html'
'https://dblp.uni-trier.de/pid/223/4971.html'
'https://dblp.uni-trier.de/pid/98/6165.html'
'https://dblp.uni-trier.de/pid/39/3884.html'
'https://dblp.uni-trier.de/pid/13/9960.html'
'https://dblp.uni-trier.de/pid/321/6311.html'
'https://dblp.uni-trier.de/pid/83/563.html'
'https://dblp.uni-trier.de/pid/10/624.html'
'https://dblp.uni-trier.de/pid/26/4241.html'
'https://dblp.uni-trier.de/pid/h/YoSubHan.html'
'https://dblp.uni-trier.de/pid/b/FBlanchetSadri.html'
'https://dblp.uni-trier.de/pid/09/734.html'
'https://dblp.uni-trier.de/pid/22/5953.html'
'https://dblp.uni-trier.de/pid/09/8910.html'
'https://dblp.uni-trier.de/pid/c/AnneCondon.html'
'https://dblp.uni-trier.de/pid/70/5831-2.html'
'https://dblp.uni-trier.de/pid/74/2120.html'
'https://dblp.uni-trier.de/pid/h/DieterHofbauer.html'
'https://dblp.uni-trier.de/pid/h/JHolub.html'
'https://dblp.uni-trier.de/pid/76/2452-1.html'
'https://dblp.uni-trier.de/pid/176/5082.html'
'https://dblp.uni-trier.de/pid/57/9125.html'
'https://dblp.uni-trier.de/pid/02/3376.html'
'https://dblp.uni-trier.de/pid/118/5957.html'
'https://dblp.uni-trier.de/pid/o/JOteroP.html'
'https://dblp.uni-trier.de/pid/68/5365.html'
'https://dblp.uni-trier.de/pid/l/GaelleLargeteauSkapin.html'
'https://dblp.uni-trier.de/pid/84/2622.html'
'https://dblp.uni-trier.de/pid/t/AvrahamTrakhtman.html'
'https://dblp.uni-trier.de/pid/44/3505-1.html'
'https://dblp.uni-trier.de/pid/71/1981.html'
'https://dblp.uni-trier.de/pid/75/191.html'
'https://dblp.uni-trier.de/pid/03/3972.html'
'https://dblp.uni-trier.de/pid/30/3940-1.html'
'https://dblp.uni-trier.de/pid/43/6032.html'
'https://dblp.uni-trier.de/pid/m/AMorzenti.html'
'https://dblp.uni-trier.de/pid/244/2665.html'
'https://dblp.uni-trier.de/pid/l/ChristofLoding.html'
'https://dblp.uni-trier.de/pid/93/263.html'
'https://dblp.uni-trier.de/pid/56/5603.html'
'https://dblp.uni-trier.de/pid/73/3270.html'
'https://dblp.uni-trier.de/pid/08/2272.html'
'https://dblp.uni-trier.de/pid/23/6970.html'
'https://dblp.uni-trier.de/pid/73/962-1.html'
'https://dblp.uni-trier.de/pid/42/4028.html'
'https://dblp.uni-trier.de/pid/146/0422.html'
'https://dblp.uni-trier.de/pid/83/1062.html'
'https://dblp.uni-trier.de/pid/15/7673.html'
'https://dblp.uni-trier.de/pid/p/NPiterman.html'
'https://dblp.uni-trier.de/pid/c/ArnaudCarayol.html'
'https://dblp.uni-trier.de/pid/91/1979.html'
'https://dblp.uni-trier.de/pid/17/927.html'
'https://dblp.uni-trier.de/pid/132/1961.html'
'https://dblp.uni-trier.de/pid/66/4904.html'
'https://dblp.uni-trier.de/pid/79/7504.html'
'https://dblp.uni-trier.de/pid/20/1900.html'
'https://dblp.uni-trier.de/pid/296/0145.html'
'https://dblp.uni-trier.de/pid/70/9958.html'
'https://dblp.uni-trier.de/pid/130/3850.html'
'https://dblp.uni-trier.de/pid/22/639.html'
'https://dblp.uni-trier.de/pid/132/1964.html'
'https://dblp.uni-trier.de/pid/66/3456.html'
'https://dblp.uni-trier.de/pid/54/7174.html'
'https://dblp.uni-trier.de/pid/51/5888.html'
'https://dblp.uni-trier.de/pid/58/9670.html'
'https://dblp.uni-trier.de/pid/31/7172.html'
'https://dblp.uni-trier.de/pid/08/2582.html'
'https://dblp.uni-trier.de/pid/94/2464.html'
'https://dblp.uni-trier.de/pid/82/9959.html'
'https://dblp.uni-trier.de/pid/96/10107.html'
'https://dblp.uni-trier.de/pid/13/6560.html'
'https://dblp.uni-trier.de/pid/117/1582.html'
'https://dblp.uni-trier.de/pid/75/5784.html'
'https://dblp.uni-trier.de/pid/69/340.html'
'https://dblp.uni-trier.de/pid/35/5844.html'
'https://dblp.uni-trier.de/pid/76/2580.html'
'https://dblp.uni-trier.de/pid/51/8776.html'
'https://dblp.uni-trier.de/pid/33/2837.html'
'https://dblp.uni-trier.de/pid/06/761.html'
'https://dblp.uni-trier.de/pid/68/7172.html'
'https://dblp.uni-trier.de/pid/07/5192.html'
'https://dblp.uni-trier.de/pid/33/1518.html'
'https://dblp.uni-trier.de/pid/98/6256.html'
'https://dblp.uni-trier.de/pid/95/2224.html'
'https://dblp.uni-trier.de/pid/57/4224.html'
'https://dblp.uni-trier.de/pid/r/WojciechRytter.html'
'https://dblp.uni-trier.de/pid/58/4730-1.html'
'https://dblp.uni-trier.de/pid/72/5451.html'
'https://dblp.uni-trier.de/pid/93/3383.html'
'https://dblp.uni-trier.de/pid/166/0758.html'
'https://dblp.uni-trier.de/pid/u/EskoUkkonen.html'
'https://dblp.uni-trier.de/pid/62/4416.html'
'https://dblp.uni-trier.de/pid/48/1067.html'
'https://dblp.uni-trier.de/pid/h/ThomasAHenzinger.html'
'https://dblp.uni-trier.de/pid/56/6114.html'
'https://dblp.uni-trier.de/pid/n/JNiehren.html'
'https://dblp.uni-trier.de/pid/96/438.html'
'https://dblp.uni-trier.de/pid/58/2201.html'
'https://dblp.uni-trier.de/pid/37/2510.html'
'https://dblp.uni-trier.de/pid/21/4601.html'
'https://dblp.uni-trier.de/pid/80/2956.html'
'https://dblp.uni-trier.de/pid/63/5655.html'
'https://dblp.uni-trier.de/pid/152/0486.html'
'https://dblp.uni-trier.de/pid/02/312.html'
'https://dblp.uni-trier.de/pid/v/JesusVilares.html'
'https://dblp.uni-trier.de/pid/63/2301.html'
'https://dblp.uni-trier.de/pid/00/6512.html'
'https://dblp.uni-trier.de/pid/71/5443.html'
'https://dblp.uni-trier.de/pid/75/2891.html'
'https://dblp.uni-trier.de/pid/25/5993.html'
'https://dblp.uni-trier.de/pid/86/919.html'
'https://dblp.uni-trier.de/pid/147/8509.html'
'https://dblp.uni-trier.de/pid/13/1566.html'
'https://dblp.uni-trier.de/pid/61/649.html'
'https://dblp.uni-trier.de/pid/05/4174.html'
'https://dblp.uni-trier.de/pid/s/JeffreyShallit.html'
'https://dblp.uni-trier.de/pid/c/CSCalude.html'
'https://dblp.uni-trier.de/pid/79/6837.html'
'https://dblp.uni-trier.de/pid/32/1457.html'
'https://dblp.uni-trier.de/pid/87/3812.html'
'https://dblp.uni-trier.de/pid/21/1027.html'
'https://dblp.uni-trier.de/pid/38/6116.html'
'https://dblp.uni-trier.de/pid/84/4048.html'
'https://dblp.uni-trier.de/pid/64/3883.html'
'https://dblp.uni-trier.de/pid/43/4982.html'
'https://dblp.uni-trier.de/pid/225/6395.html'
'https://dblp.uni-trier.de/pid/16/1677.html'
'https://dblp.uni-trier.de/pid/17/4893.html'
'https://dblp.uni-trier.de/pid/46/4291.html'
'https://dblp.uni-trier.de/pid/80/2024.html'
'https://dblp.uni-trier.de/pid/a/PAAbdulla.html'
'https://dblp.uni-trier.de/pid/292/6337.html'
'https://dblp.uni-trier.de/pid/162/0238.html'
'https://dblp.uni-trier.de/pid/154/8959.html'
'https://dblp.uni-trier.de/pid/13/6695.html'
'https://dblp.uni-trier.de/pid/06/5386.html'
'https://dblp.uni-trier.de/pid/97/10871.html'
'https://dblp.uni-trier.de/pid/129/5650.html'
'https://dblp.uni-trier.de/pid/51/533.html'
'https://dblp.uni-trier.de/pid/28/3680.html'
'https://dblp.uni-trier.de/pid/182/6182.html'
'https://dblp.uni-trier.de/pid/79/3795.html'
'https://dblp.uni-trier.de/pid/27/2249.html'
'https://dblp.uni-trier.de/pid/g/MihaelaGheorghiuBobaru.html'
'https://dblp.uni-trier.de/pid/d/GerardDuchamp.html'
'https://dblp.uni-trier.de/pid/137/8219.html'
'https://dblp.uni-trier.de/pid/67/4899.html'
'https://dblp.uni-trier.de/pid/94/5421.html'
'https://dblp.uni-trier.de/pid/c/RCCarrasco.html'
'https://dblp.uni-trier.de/pid/e/OEgecioglu.html'
'https://dblp.uni-trier.de/pid/86/4985.html'
'https://dblp.uni-trier.de/pid/63/1639.html'
'https://dblp.uni-trier.de/pid/41/4735.html'
'https://dblp.uni-trier.de/pid/49/4233.html'
'https://dblp.uni-trier.de/pid/80/1300.html'
'https://dblp.uni-trier.de/pid/81/2648.html'
'https://dblp.uni-trier.de/pid/10/4341.html'
'https://dblp.uni-trier.de/pid/13/5961.html'
'https://dblp.uni-trier.de/pid/30/5254.html'
'https://dblp.uni-trier.de/pid/75/4426.html'
'https://dblp.uni-trier.de/pid/74/4321.html'
'https://dblp.uni-trier.de/pid/86/8242.html'
'https://dblp.uni-trier.de/pid/40/6297.html'
'https://dblp.uni-trier.de/pid/55/5954.html'
'https://dblp.uni-trier.de/pid/08/10670.html'
'https://dblp.uni-trier.de/pid/l/DenisLugiez.html'
'https://dblp.uni-trier.de/pid/59/3949.html'
'https://dblp.uni-trier.de/pid/89/4269.html'
'https://dblp.uni-trier.de/pid/13/6092.html'
'https://dblp.uni-trier.de/pid/45/581.html'
'https://dblp.uni-trier.de/pid/86/6093.html'
'https://dblp.uni-trier.de/pid/94/4355.html'
'https://dblp.uni-trier.de/pid/37/6148.html'
'https://dblp.uni-trier.de/pid/09/1814.html'
'https://dblp.uni-trier.de/pid/19/7.html'
'https://dblp.uni-trier.de/pid/92/768.html'
'https://dblp.uni-trier.de/pid/07/5027.html'
'https://dblp.uni-trier.de/pid/69/8148.html'
'https://dblp.uni-trier.de/pid/y/ShengYu.html'
'https://dblp.uni-trier.de/pid/36/5799.html'
'https://dblp.uni-trier.de/pid/75/5525.html'
'https://dblp.uni-trier.de/pid/49/1174.html'
'https://dblp.uni-trier.de/pid/65/4683.html'
'https://dblp.uni-trier.de/pid/22/6627.html'
'https://dblp.uni-trier.de/pid/62/4876.html'
'https://dblp.uni-trier.de/pid/223/4929.html'
'https://dblp.uni-trier.de/pid/52/2077.html'
'https://dblp.uni-trier.de/pid/59/7880.html'
'https://dblp.uni-trier.de/pid/45/6004.html'
'https://dblp.uni-trier.de/pid/70/3307.html'
'https://dblp.uni-trier.de/pid/30/3872.html'
'https://dblp.uni-trier.de/pid/91/3140.html'
'https://dblp.uni-trier.de/pid/47/3237.html'
'https://dblp.uni-trier.de/pid/t/YihKuenTsay.html'
'https://dblp.uni-trier.de/pid/k/RAKemmerer.html'
'https://dblp.uni-trier.de/pid/g/AlfonsGeser.html'
'https://dblp.uni-trier.de/pid/v/MVilaresF.html'
'https://dblp.uni-trier.de/pid/86/6994.html'
'https://dblp.uni-trier.de/pid/64/3701.html'
'https://dblp.uni-trier.de/pid/182/6157.html'
'https://dblp.uni-trier.de/pid/140/7385.html'
'https://dblp.uni-trier.de/pid/01/5035.html'
'https://dblp.uni-trier.de/pid/k/LilaKari.html'
'https://dblp.uni-trier.de/pid/125/2364.html'
'https://dblp.uni-trier.de/pid/165/8672.html'
'https://dblp.uni-trier.de/pid/49/6444.html'
'https://dblp.uni-trier.de/pid/77/2513.html'
'https://dblp.uni-trier.de/pid/186/0436.html'
'https://dblp.uni-trier.de/pid/47/4049.html'
'https://dblp.uni-trier.de/pid/11/4210.html'
'https://dblp.uni-trier.de/pid/58/3449.html'
'https://dblp.uni-trier.de/pid/02/6009.html'
'https://dblp.uni-trier.de/pid/34/3391.html'
'https://dblp.uni-trier.de/pid/09/4711.html'
'https://dblp.uni-trier.de/pid/87/1132.html'
'https://dblp.uni-trier.de/pid/70/1118.html'
'https://dblp.uni-trier.de/pid/59/6051.html'
'https://dblp.uni-trier.de/pid/125/3621.html'
'https://dblp.uni-trier.de/pid/22/987.html'
'https://dblp.uni-trier.de/pid/201/5360.html'
'https://dblp.uni-trier.de/pid/m/RobertEMercer.html'
'https://dblp.uni-trier.de/pid/09/4143.html'
'https://dblp.uni-trier.de/pid/k/JuhaniKarhumaki.html'
'https://dblp.uni-trier.de/pid/j/GJiraskova.html'
'https://dblp.uni-trier.de/pid/39/8612.html'
'https://dblp.uni-trier.de/pid/91/5828.html'
'https://dblp.uni-trier.de/pid/24/616.html'
'https://dblp.uni-trier.de/pid/09/246.html'
'https://dblp.uni-trier.de/pid/96/5273.html'
'https://dblp.uni-trier.de/pid/38/4510.html'
'https://dblp.uni-trier.de/pid/267/9809.html'
'https://dblp.uni-trier.de/pid/44/7660.html'
'https://dblp.uni-trier.de/pid/16/6072.html'
'https://dblp.uni-trier.de/pid/93/6579.html'
'https://dblp.uni-trier.de/pid/j/HJurgensen.html'
'https://dblp.uni-trier.de/pid/t/AvrahamTrakhtman.html'
'https://dblp.uni-trier.de/pid/31/4878.html'
'https://dblp.uni-trier.de/pid/06/4342.html'
'https://dblp.uni-trier.de/pid/15/5377.html'
'https://dblp.uni-trier.de/pid/77/6082.html'
'https://dblp.uni-trier.de/pid/09/3115.html'
'https://dblp.uni-trier.de/pid/95/298.html'
'https://dblp.uni-trier.de/pid/85/1477.html'
'https://dblp.uni-trier.de/pid/86/106.html'
'https://dblp.uni-trier.de/pid/07/536.html'
'https://dblp.uni-trier.de/pid/92/4408-2.html'
'https://dblp.uni-trier.de/pid/65/9125.html'
'https://dblp.uni-trier.de/pid/43/6368.html'
'https://dblp.uni-trier.de/pid/223/4899.html'
'https://dblp.uni-trier.de/pid/145/5339.html'
'https://dblp.uni-trier.de/pid/c/SCrespiReghizzi.html'
'https://dblp.uni-trier.de/pid/05/2717.html'
'https://dblp.uni-trier.de/pid/27/3416.html'
'https://dblp.uni-trier.de/pid/58/4731.html'
'https://dblp.uni-trier.de/pid/79/5413.html'
'https://dblp.uni-trier.de/pid/81/5479.html'
'https://dblp.uni-trier.de/pid/16/2622.html'
'https://dblp.uni-trier.de/pid/z/HZantema.html'
'https://dblp.uni-trier.de/pid/71/2618.html'
'https://dblp.uni-trier.de/pid/27/4119.html'
'https://dblp.uni-trier.de/pid/19/892.html'
'https://dblp.uni-trier.de/pid/15/3639.html'
'https://dblp.uni-trier.de/pid/49/4575.html'
'https://dblp.uni-trier.de/pid/v/HeikoVogler.html'
'https://dblp.uni-trier.de/pid/22/5692.html'
'https://dblp.uni-trier.de/pid/88/7174.html'
'https://dblp.uni-trier.de/pid/h/MasamiHagiya.html'
'https://dblp.uni-trier.de/pid/67/55.html'
'https://dblp.uni-trier.de/pid/64/762.html'
'https://dblp.uni-trier.de/pid/318/2800.html'
'https://dblp.uni-trier.de/pid/35/1544.html'
'https://dblp.uni-trier.de/pid/133/6735.html'
'https://dblp.uni-trier.de/pid/13/2854.html'
'https://dblp.uni-trier.de/pid/12/2285.html'
'https://dblp.uni-trier.de/pid/165/8694.html'
'https://dblp.uni-trier.de/pid/49/690.html'
'https://dblp.uni-trier.de/pid/23/293.html'
'https://dblp.uni-trier.de/pid/05/2921.html'
'https://dblp.uni-trier.de/pid/228/6835.html'
'https://dblp.uni-trier.de/pid/44/5225.html'
'https://dblp.uni-trier.de/pid/95/5508.html'
'https://dblp.uni-trier.de/pid/93/4971.html'
'https://dblp.uni-trier.de/pid/37/1716.html'
'https://dblp.uni-trier.de/pid/176/5446.html'
'https://dblp.uni-trier.de/pid/54/1797.html'
'https://dblp.uni-trier.de/pid/a/LucaAceto.html'
'https://dblp.uni-trier.de/pid/27/9125.html'
'https://dblp.uni-trier.de/pid/70/8932.html'
'https://dblp.uni-trier.de/pid/131/2471.html'
'https://dblp.uni-trier.de/pid/o/AOkhotin.html'
'https://dblp.uni-trier.de/pid/49/2648.html'
'https://dblp.uni-trier.de/pid/04/692.html'
'https://dblp.uni-trier.de/pid/82/4618.html'
'https://dblp.uni-trier.de/pid/29/9960.html'
'https://dblp.uni-trier.de/pid/69/1383.html'
'https://dblp.uni-trier.de/pid/w/DerickWood.html'
'https://dblp.uni-trier.de/pid/190/7312.html'
'https://dblp.uni-trier.de/pid/80/2956.html'
'https://dblp.uni-trier.de/pid/90/952.html'
'https://dblp.uni-trier.de/pid/15/999.html'
'https://dblp.uni-trier.de/pid/80/7247.html'
'https://dblp.uni-trier.de/pid/40/2574.html'
'https://dblp.uni-trier.de/pid/l/MingLi1.html'
'https://dblp.uni-trier.de/pid/164/1690.html'
'https://dblp.uni-trier.de/pid/85/2685.html'
'https://dblp.uni-trier.de/pid/81/1215.html'
'https://dblp.uni-trier.de/pid/84/5934.html'
'https://dblp.uni-trier.de/pid/72/4078.html'
'https://dblp.uni-trier.de/pid/65/922.html'
'https://dblp.uni-trier.de/pid/b/ABruggemannKlein.html'
'https://dblp.uni-trier.de/pid/69/6644.html'
'https://dblp.uni-trier.de/pid/75/286.html'
'https://dblp.uni-trier.de/pid/16/6465.html'
'https://dblp.uni-trier.de/pid/65/3249.html'
'https://dblp.uni-trier.de/pid/43/8172.html'
'https://dblp.uni-trier.de/pid/s/HelmutSeidl.html'
'https://dblp.uni-trier.de/pid/65/550.html'
'https://dblp.uni-trier.de/pid/k/ShmuelTomiKlein.html'
'https://dblp.uni-trier.de/pid/95/4315.html'
'https://dblp.uni-trier.de/pid/120/6413.html'
'https://dblp.uni-trier.de/pid/g/WilliamIGasarch.html'
'https://dblp.uni-trier.de/pid/52/991.html'
'https://dblp.uni-trier.de/pid/48/609.html'
'https://dblp.uni-trier.de/pid/t/NicholasQTran.html'
'https://dblp.uni-trier.de/pid/54/2257.html'
'https://dblp.uni-trier.de/pid/12/1449.html'
'https://dblp.uni-trier.de/pid/97/6960.html'
'https://dblp.uni-trier.de/pid/48/2968.html'
'https://dblp.uni-trier.de/pid/84/1150.html'
'https://dblp.uni-trier.de/pid/96/395.html'
'https://dblp.uni-trier.de/pid/64/6177.html'
'https://dblp.uni-trier.de/pid/73/924.html'
'https://dblp.uni-trier.de/pid/75/5475.html'
'https://dblp.uni-trier.de/pid/15/3718.html'
'https://dblp.uni-trier.de/pid/82/2359.html'
'https://dblp.uni-trier.de/pid/19/81.html'
'https://dblp.uni-trier.de/pid/74/441.html'
'https://dblp.uni-trier.de/pid/147/8529.html'
'https://dblp.uni-trier.de/pid/03/828.html'
'https://dblp.uni-trier.de/pid/60/3064.html'
'https://dblp.uni-trier.de/pid/92/5487.html'
'https://dblp.uni-trier.de/pid/05/7175.html'
'https://dblp.uni-trier.de/pid/81/171.html'
'https://dblp.uni-trier.de/pid/14/3402.html'
'https://dblp.uni-trier.de/pid/46/1614.html'
'https://dblp.uni-trier.de/pid/63/2821.html'
'https://dblp.uni-trier.de/pid/47/5591.html'
'https://dblp.uni-trier.de/pid/07/3368.html'
'https://dblp.uni-trier.de/pid/76/6823.html'
'https://dblp.uni-trier.de/pid/59/1434.html'
'https://dblp.uni-trier.de/pid/k/NilsKlarlund.html'
'https://dblp.uni-trier.de/pid/01/4388.html'
'https://dblp.uni-trier.de/pid/69/4259.html'
'https://dblp.uni-trier.de/pid/133/7342.html'
'https://dblp.uni-trier.de/pid/41/5129.html'
'https://dblp.uni-trier.de/pid/t/WolfgangThomas.html'
'https://dblp.uni-trier.de/pid/j/NatasaJonoska.html'
'https://dblp.uni-trier.de/pid/02/6397.html'
'https://dblp.uni-trier.de/pid/72/9959.html'
'https://dblp.uni-trier.de/pid/47/9125.html'
'https://dblp.uni-trier.de/pid/84/472.html'
'https://dblp.uni-trier.de/pid/13/3203.html'
'https://dblp.uni-trier.de/pid/01/5162.html'
'https://dblp.uni-trier.de/pid/p/AndrzejPelc.html'
'https://dblp.uni-trier.de/pid/43/2330.html'
'https://dblp.uni-trier.de/pid/04/704.html'
'https://dblp.uni-trier.de/pid/32/1671.html'
'https://dblp.uni-trier.de/pid/321/6450.html'
'https://dblp.uni-trier.de/pid/185/0479.html'
'https://dblp.uni-trier.de/pid/93/7172.html'
'https://dblp.uni-trier.de/pid/50/6237.html'
'https://dblp.uni-trier.de/pid/s/KUSchulz.html'
'https://dblp.uni-trier.de/pid/37/4530.html'
'https://dblp.uni-trier.de/pid/h/CdlHiguera.html'
'https://dblp.uni-trier.de/pid/49/1455.html'
'https://dblp.uni-trier.de/pid/34/6797.html'
'https://dblp.uni-trier.de/pid/b/AhmedBouajjani.html'
'https://dblp.uni-trier.de/pid/81/6429.html'
'https://dblp.uni-trier.de/pid/30/3557-5.html'
'https://dblp.uni-trier.de/pid/59/2178.html'
'https://dblp.uni-trier.de/pid/48/2296.html'
'https://dblp.uni-trier.de/pid/70/1542.html'
'https://dblp.uni-trier.de/pid/132/2005.html'
'https://dblp.uni-trier.de/pid/i/LucianIlie.html'
'https://dblp.uni-trier.de/pid/k/MartinKutrib.html'
'https://dblp.uni-trier.de/pid/84/1588.html'
'https://dblp.uni-trier.de/pid/76/1674.html'
'https://dblp.uni-trier.de/pid/24/853.html'
'https://dblp.uni-trier.de/pid/64/7671.html'
URL
'https://dblp.uni-trier.de/pid/44/7660.html'
'https://dblp.uni-trier.de/pid/92/5606.html'
'https://dblp.uni-trier.de/pid/86/1702.html'
'https://dblp.uni-trier.de/pid/87/254.html'
'https://dblp.uni-trier.de/pid/44/6743.html'
'https://dblp.uni-trier.de/pid/22/1750.html'
'https://dblp.uni-trier.de/pid/07/3368.html'
'https://dblp.uni-trier.de/pid/e/ZoltanEsik.html'
'https://dblp.uni-trier.de/pid/57/4224.html'
'https://dblp.uni-trier.de/pid/47/5591.html'
'https://dblp.uni-trier.de/pid/54/2257.html'
'https://dblp.uni-trier.de/pid/24/2181.html'
'https://dblp.uni-trier.de/pid/43/4982.html'
'https://dblp.uni-trier.de/pid/l/ChristofLoding.html'
'https://dblp.uni-trier.de/pid/41/6022.html'
'https://dblp.uni-trier.de/pid/52/579.html'
'https://dblp.uni-trier.de/pid/p/AndrzejPelc.html'
'https://dblp.uni-trier.de/pid/09/734.html'
'https://dblp.uni-trier.de/pid/89/7033.html'
'https://dblp.uni-trier.de/pid/s/RichardEdwinStearns.html'
'https://dblp.uni-trier.de/pid/04/704.html'
'https://dblp.uni-trier.de/pid/48/2968.html'
'https://dblp.uni-trier.de/pid/162/0238.html'
'https://dblp.uni-trier.de/pid/16/6465.html'
'https://dblp.uni-trier.de/pid/49/690.html'
'https://dblp.uni-trier.de/pid/k/RAKemmerer.html'
'https://dblp.uni-trier.de/pid/165/8665.html'
'https://dblp.uni-trier.de/pid/80/1138.html'
'https://dblp.uni-trier.de/pid/15/7673.html'
'https://dblp.uni-trier.de/pid/21/1027.html'
'https://dblp.uni-trier.de/pid/55/9960.html'
'https://dblp.uni-trier.de/pid/07/5192.html'
'https://dblp.uni-trier.de/pid/60/3064.html'
'https://dblp.uni-trier.de/pid/212/4580.html'
'https://dblp.uni-trier.de/pid/87/6893.html'
'https://dblp.uni-trier.de/pid/10/695-4.html'
'https://dblp.uni-trier.de/pid/o/AOkhotin.html'
'https://dblp.uni-trier.de/pid/j/NatasaJonoska.html'
'https://dblp.uni-trier.de/pid/75/191.html'
'https://dblp.uni-trier.de/pid/130/3850.html'
'https://dblp.uni-trier.de/pid/33/713.html'
'https://dblp.uni-trier.de/pid/22/3249.html'
'https://dblp.uni-trier.de/pid/95/5508.html'
'https://dblp.uni-trier.de/pid/32/6467.html'
'https://dblp.uni-trier.de/pid/k/MSKrishnamoorthy.html'
'https://dblp.uni-trier.de/pid/22/5953.html'
'https://dblp.uni-trier.de/pid/79/1435.html'
'https://dblp.uni-trier.de/pid/33/658.html'
'https://dblp.uni-trier.de/pid/96/6540.html'
'https://dblp.uni-trier.de/pid/31/4878.html'
'https://dblp.uni-trier.de/pid/75/5525.html'
'https://dblp.uni-trier.de/pid/66/871.html'
'https://dblp.uni-trier.de/pid/39/8612.html'
'https://dblp.uni-trier.de/pid/k/AloisKnoll.html'
'https://dblp.uni-trier.de/pid/46/1053.html'
'https://dblp.uni-trier.de/pid/70/6536-3.html'
'https://dblp.uni-trier.de/pid/05/7175.html'
'https://dblp.uni-trier.de/pid/27/3416.html'
'https://dblp.uni-trier.de/pid/59/2499.html'
'https://dblp.uni-trier.de/pid/157/6118-1.html'
'https://dblp.uni-trier.de/pid/24/853.html'
'https://dblp.uni-trier.de/pid/77/6082.html'
'https://dblp.uni-trier.de/pid/r/MohammadSohelRahman.html'
'https://dblp.uni-trier.de/pid/49/6444.html'
'https://dblp.uni-trier.de/pid/41/5129.html'
'https://dblp.uni-trier.de/pid/16/1677.html'
'https://dblp.uni-trier.de/pid/02/2880.html'
'https://dblp.uni-trier.de/pid/86/6093.html'
'https://dblp.uni-trier.de/pid/02/6009.html'
'https://dblp.uni-trier.de/pid/17/906.html'
'https://dblp.uni-trier.de/pid/49/1455.html'
'https://dblp.uni-trier.de/pid/318/2800.html'
'https://dblp.uni-trier.de/pid/223/4929.html'
'https://dblp.uni-trier.de/pid/296/0145.html'
'https://dblp.uni-trier.de/pid/43/2367.html'
'https://dblp.uni-trier.de/pid/34/3391.html'
'https://dblp.uni-trier.de/pid/92/900.html'
'https://dblp.uni-trier.de/pid/19/81.html'
'https://dblp.uni-trier.de/pid/c/CSCalude.html'
'https://dblp.uni-trier.de/pid/h/JHolub.html'
'https://dblp.uni-trier.de/pid/59/1434.html'
'https://dblp.uni-trier.de/pid/80/1300.html'
'https://dblp.uni-trier.de/pid/68/5692.html'
'https://dblp.uni-trier.de/pid/77/5317.html'
'https://dblp.uni-trier.de/pid/74/410.html'
'https://dblp.uni-trier.de/pid/b/ChristelBaier.html'
'https://dblp.uni-trier.de/pid/02/222.html'
'https://dblp.uni-trier.de/pid/66/4904.html'
'https://dblp.uni-trier.de/pid/84/1150.html'
'https://dblp.uni-trier.de/pid/44/4585.html'
'https://dblp.uni-trier.de/pid/75/5525.html'
'https://dblp.uni-trier.de/pid/44/4388.html'
'https://dblp.uni-trier.de/pid/88/4294.html'
'https://dblp.uni-trier.de/pid/223/4918.html'
'https://dblp.uni-trier.de/pid/61/1624.html'
'https://dblp.uni-trier.de/pid/37/4530.html'
'https://dblp.uni-trier.de/pid/120/6413.html'
'https://dblp.uni-trier.de/pid/70/9958.html'
'https://dblp.uni-trier.de/pid/265/6260.html'
'https://dblp.uni-trier.de/pid/70/5831-2.html'
'https://dblp.uni-trier.de/pid/92/2095.html'
'https://dblp.uni-trier.de/pid/38/4510.html'
'https://dblp.uni-trier.de/pid/38/1949.html'
'https://dblp.uni-trier.de/pid/42/4087.html'
'https://dblp.uni-trier.de/pid/179/4995.html'
'https://dblp.uni-trier.de/pid/45/4452.html'
'https://dblp.uni-trier.de/pid/81/5479.html'
'https://dblp.uni-trier.de/pid/53/3923.html'
'https://dblp.uni-trier.de/pid/296/0452.html'
'https://dblp.uni-trier.de/pid/07/6238.html'
'https://dblp.uni-trier.de/pid/164/1690.html'
'https://dblp.uni-trier.de/pid/53/947.html'
'https://dblp.uni-trier.de/pid/07/536.html'
'https://dblp.uni-trier.de/pid/86/8242.html'
'https://dblp.uni-trier.de/pid/51/3734.html'
'https://dblp.uni-trier.de/pid/38/3950.html'
'https://dblp.uni-trier.de/pid/16/5567.html'
'https://dblp.uni-trier.de/pid/26/6700.html'
'https://dblp.uni-trier.de/pid/c/LoekCleophas.html'
'https://dblp.uni-trier.de/pid/t/WolfgangThomas.html'
'https://dblp.uni-trier.de/pid/70/3797.html'
'https://dblp.uni-trier.de/pid/70/6638.html'
'https://dblp.uni-trier.de/pid/165/8694.html'
'https://dblp.uni-trier.de/pid/b/DenisBechet.html'
'https://dblp.uni-trier.de/pid/90/4218.html'
'https://dblp.uni-trier.de/pid/67/4899.html'
'https://dblp.uni-trier.de/pid/48/4007.html'
'https://dblp.uni-trier.de/pid/s/KUSchulz.html'
'https://dblp.uni-trier.de/pid/c/SCrespiReghizzi.html'
'https://dblp.uni-trier.de/pid/132/1960.html'
'https://dblp.uni-trier.de/pid/f/ZoltanFulop1.html'
'https://dblp.uni-trier.de/pid/38/6116.html'
'https://dblp.uni-trier.de/pid/27/9125.html'
'https://dblp.uni-trier.de/pid/76/2580.html'
'https://dblp.uni-trier.de/pid/63/5655.html'
'https://dblp.uni-trier.de/pid/58/4730-1.html'
'https://dblp.uni-trier.de/pid/h/ThomasAHenzinger.html'
'https://dblp.uni-trier.de/pid/86/919.html'
'https://dblp.uni-trier.de/pid/72/9959.html'
'https://dblp.uni-trier.de/pid/07/2826.html'
'https://dblp.uni-trier.de/pid/62/964.html'
'https://dblp.uni-trier.de/pid/58/3449.html'
'https://dblp.uni-trier.de/pid/165/8656.html'
'https://dblp.uni-trier.de/pid/02/4801.html'
'https://dblp.uni-trier.de/pid/47/9125.html'
'https://dblp.uni-trier.de/pid/132/2005.html'
'https://dblp.uni-trier.de/pid/72/4078.html'
'https://dblp.uni-trier.de/pid/g/RobertGluck.html'
'https://dblp.uni-trier.de/pid/69/8148.html'
'https://dblp.uni-trier.de/pid/86/106.html'
'https://dblp.uni-trier.de/pid/60/9959.html'
'https://dblp.uni-trier.de/pid/161/6309.html'
'https://dblp.uni-trier.de/pid/64/6177.html'
'https://dblp.uni-trier.de/pid/13/471.html'
'https://dblp.uni-trier.de/pid/73/3270.html'
'https://dblp.uni-trier.de/pid/f/GianLuigiFerrari.html'
'https://dblp.uni-trier.de/pid/03/3582.html'
'https://dblp.uni-trier.de/pid/48/1861.html'
'https://dblp.uni-trier.de/pid/59/7880.html'
'https://dblp.uni-trier.de/pid/193/1735.html'
'https://dblp.uni-trier.de/pid/s/AyumiShinohara.html'
'https://dblp.uni-trier.de/pid/132/1961.html'
'https://dblp.uni-trier.de/pid/91/3140.html'
'https://dblp.uni-trier.de/pid/28/6153.html'
'https://dblp.uni-trier.de/pid/28/10360.html'
'https://dblp.uni-trier.de/pid/19/4109.html'
'https://dblp.uni-trier.de/pid/73/8044.html'
'https://dblp.uni-trier.de/pid/19/38.html'
'https://dblp.uni-trier.de/pid/152/0486.html'
'https://dblp.uni-trier.de/pid/56/5603.html'
'https://dblp.uni-trier.de/pid/72/4846.html'
'https://dblp.uni-trier.de/pid/147/8411.html'
'https://dblp.uni-trier.de/pid/79/7504.html'
'https://dblp.uni-trier.de/pid/220/4362.html'
'https://dblp.uni-trier.de/pid/23/9.html'
'https://dblp.uni-trier.de/pid/w/TWareham.html'
'https://dblp.uni-trier.de/pid/79/2132.html'
'https://dblp.uni-trier.de/pid/23/6970.html'
'https://dblp.uni-trier.de/pid/92/272-1.html'
'https://dblp.uni-trier.de/pid/n/NadiaNedjah.html'
'https://dblp.uni-trier.de/pid/76/2452-1.html'
'https://dblp.uni-trier.de/pid/132/1983.html'
'https://dblp.uni-trier.de/pid/00/5474.html'
'https://dblp.uni-trier.de/pid/13/3203.html'
'https://dblp.uni-trier.de/pid/147/8451.html'
'https://dblp.uni-trier.de/pid/76/1674.html'
'https://dblp.uni-trier.de/pid/62/8217.html'
'https://dblp.uni-trier.de/pid/321/6407.html'
'https://dblp.uni-trier.de/pid/76/2598.html'
'https://dblp.uni-trier.de/pid/d/VolkerDiekert.html'
'https://dblp.uni-trier.de/pid/29/910.html'
'https://dblp.uni-trier.de/pid/t/NicholasQTran.html'
'https://dblp.uni-trier.de/pid/94/4355.html'
'https://dblp.uni-trier.de/pid/98/6688.html'
'https://dblp.uni-trier.de/pid/k/JuhaniKarhumaki.html'
'https://dblp.uni-trier.de/pid/35/5844.html'
'https://dblp.uni-trier.de/pid/55/5062.html'
'https://dblp.uni-trier.de/pid/v/MVilaresF.html'
'https://dblp.uni-trier.de/pid/118/5957.html'
'https://dblp.uni-trier.de/pid/93/11142.html'
'https://dblp.uni-trier.de/pid/l/ThierryLecroq.html'
'https://dblp.uni-trier.de/pid/77/1610.html'
'https://dblp.uni-trier.de/pid/49/637.html'
'https://dblp.uni-trier.de/pid/06/4342.html'
'https://dblp.uni-trier.de/pid/f/MirianHalfeldFerrariAlves.html'
'https://dblp.uni-trier.de/pid/g/PaulGastin.html'
'https://dblp.uni-trier.de/pid/s/LudwigStaiger.html'
'https://dblp.uni-trier.de/pid/35/7175.html'
'https://dblp.uni-trier.de/pid/16/658.html'
'https://dblp.uni-trier.de/pid/39/6106.html'
'https://dblp.uni-trier.de/pid/48/3952.html'
'https://dblp.uni-trier.de/pid/v/MosheYVardi.html'
'https://dblp.uni-trier.de/pid/40/6297.html'
'https://dblp.uni-trier.de/pid/82/2359.html'
'https://dblp.uni-trier.de/pid/59/9125.html'
'https://dblp.uni-trier.de/pid/02/312.html'
'https://dblp.uni-trier.de/pid/80/6105.html'
'https://dblp.uni-trier.de/pid/16/3031.html'
'https://dblp.uni-trier.de/pid/d/GerardDuchamp.html'
'https://dblp.uni-trier.de/pid/t/JormaTarhio.html'
'https://dblp.uni-trier.de/pid/77/2513.html'
'https://dblp.uni-trier.de/pid/94/5421.html'
'https://dblp.uni-trier.de/pid/77/5783.html'
'https://dblp.uni-trier.de/pid/d/StephanDiehl1.html'
'https://dblp.uni-trier.de/pid/09/6913.html'
'https://dblp.uni-trier.de/pid/87/2946.html'
'https://dblp.uni-trier.de/pid/25/5993.html'
'https://dblp.uni-trier.de/pid/i/OscarHIbarra.html'
'https://dblp.uni-trier.de/pid/k/JHKreowski.html'
'https://dblp.uni-trier.de/pid/61/5622.html'
'https://dblp.uni-trier.de/pid/08/2272.html'
'https://dblp.uni-trier.de/pid/t/GabrielThierrin.html'
'https://dblp.uni-trier.de/pid/y/MihalisYannakakis.html'
'https://dblp.uni-trier.de/pid/90/952.html'
'https://dblp.uni-trier.de/pid/154/8959.html'
'https://dblp.uni-trier.de/pid/75/5475.html'
'https://dblp.uni-trier.de/pid/37/2510.html'
'https://dblp.uni-trier.de/pid/45/123.html'
'https://dblp.uni-trier.de/pid/82/3309.html'
'https://dblp.uni-trier.de/pid/12/3055.html'
'https://dblp.uni-trier.de/pid/59/3307.html'
'https://dblp.uni-trier.de/pid/201/5390.html'
'https://dblp.uni-trier.de/pid/39/6778.html'
'https://dblp.uni-trier.de/pid/180/5480.html'
'https://dblp.uni-trier.de/pid/56/7911.html'
'https://dblp.uni-trier.de/pid/65/550.html'
'https://dblp.uni-trier.de/pid/20/2564.html'
'https://dblp.uni-trier.de/pid/166/0758.html'
'https://dblp.uni-trier.de/pid/61/6274.html'
'https://dblp.uni-trier.de/pid/97/6960.html'
'https://dblp.uni-trier.de/pid/321/6450.html'
'https://dblp.uni-trier.de/pid/52/5687.html'
'https://dblp.uni-trier.de/pid/51/7012.html'
'https://dblp.uni-trier.de/pid/09/4711.html'
'https://dblp.uni-trier.de/pid/42/4028.html'
'https://dblp.uni-trier.de/pid/32/1671.html'
'https://dblp.uni-trier.de/pid/c/MCrochemore.html'
'https://dblp.uni-trier.de/pid/80/9679.html'
'https://dblp.uni-trier.de/pid/82/2372.html'
'https://dblp.uni-trier.de/pid/k/GregoryKucherov.html'
'https://dblp.uni-trier.de/pid/s/KamranSedig.html'
'https://dblp.uni-trier.de/pid/t/HingFungTing.html'
'https://dblp.uni-trier.de/pid/69/4700.html'
'https://dblp.uni-trier.de/pid/96/395.html'
'https://dblp.uni-trier.de/pid/70/8932.html'
'https://dblp.uni-trier.de/pid/72/4842.html'
'https://dblp.uni-trier.de/pid/90/3379.html'
'https://dblp.uni-trier.de/pid/132/1964.html'
'https://dblp.uni-trier.de/pid/27/4119.html'
'https://dblp.uni-trier.de/pid/225/6395.html'
'https://dblp.uni-trier.de/pid/249/5768.html'
'https://dblp.uni-trier.de/pid/l/MingLi1.html'
'https://dblp.uni-trier.de/pid/01/5162.html'
'https://dblp.uni-trier.de/pid/265/9625.html'
'https://dblp.uni-trier.de/pid/63/1639.html'
'https://dblp.uni-trier.de/pid/56/6114.html'
'https://dblp.uni-trier.de/pid/79/477.html'
'https://dblp.uni-trier.de/pid/84/2622.html'
'https://dblp.uni-trier.de/pid/92/3700.html'
'https://dblp.uni-trier.de/pid/97/5115.html'
'https://dblp.uni-trier.de/pid/24/8836.html'
'https://dblp.uni-trier.de/pid/67/335.html'
'https://dblp.uni-trier.de/pid/144/7555.html'
'https://dblp.uni-trier.de/pid/147/8536.html'
'https://dblp.uni-trier.de/pid/06/5386.html'
'https://dblp.uni-trier.de/pid/19/7.html'
'https://dblp.uni-trier.de/pid/02/6397.html'
'https://dblp.uni-trier.de/pid/139/8245.html'
'https://dblp.uni-trier.de/pid/01/4182.html'
'https://dblp.uni-trier.de/pid/83/2770.html'
'https://dblp.uni-trier.de/pid/35/4442.html'
'https://dblp.uni-trier.de/pid/39/3884.html'
'https://dblp.uni-trier.de/pid/81/894.html'
'https://dblp.uni-trier.de/pid/68/5365.html'
'https://dblp.uni-trier.de/pid/e/EEberbach.html'
'https://dblp.uni-trier.de/pid/89/233-1.html'
'https://dblp.uni-trier.de/pid/259/0271.html'
'https://dblp.uni-trier.de/pid/22/5692.html'
'https://dblp.uni-trier.de/pid/30/6143.html'
'https://dblp.uni-trier.de/pid/52/2077.html'
'https://dblp.uni-trier.de/pid/83/4294.html'
'https://dblp.uni-trier.de/pid/75/5784.html'
'https://dblp.uni-trier.de/pid/47/5900.html'
'https://dblp.uni-trier.de/pid/94/439.html'
'https://dblp.uni-trier.de/pid/c/KarelCulikII.html'
'https://dblp.uni-trier.de/pid/73/962-1.html'
'https://dblp.uni-trier.de/pid/82/4618.html'
'https://dblp.uni-trier.de/pid/09/3115.html'
'https://dblp.uni-trier.de/pid/49/4233.html'
'https://dblp.uni-trier.de/pid/09/1881.html'
'https://dblp.uni-trier.de/pid/30/6031.html'
'https://dblp.uni-trier.de/pid/t/YihKuenTsay.html'
'https://dblp.uni-trier.de/pid/27/7026.html'
'https://dblp.uni-trier.de/pid/07/5192.html'
'https://dblp.uni-trier.de/pid/65/8396.html'
'https://dblp.uni-trier.de/pid/w/BruceWWatson.html'
'https://dblp.uni-trier.de/pid/61/3074.html'
'https://dblp.uni-trier.de/pid/08/9672.html'
'https://dblp.uni-trier.de/pid/75/2199.html'
'https://dblp.uni-trier.de/pid/h/YoSubHan.html'
'https://dblp.uni-trier.de/pid/40/1264.html'
'https://dblp.uni-trier.de/pid/118/1311.html'
'https://dblp.uni-trier.de/pid/176/5446.html'
'https://dblp.uni-trier.de/pid/96/2152.html'
'https://dblp.uni-trier.de/pid/09/8910.html'
'https://dblp.uni-trier.de/pid/l/KamalLodaya.html'
'https://dblp.uni-trier.de/pid/55/5282.html'
'https://dblp.uni-trier.de/pid/16/2622.html'
'https://dblp.uni-trier.de/pid/29/5029.html'
'https://dblp.uni-trier.de/pid/98/6165.html'
'https://dblp.uni-trier.de/pid/y/ShengYu.html'
'https://dblp.uni-trier.de/pid/78/4640.html'
'https://dblp.uni-trier.de/pid/33/5963.html'
'https://dblp.uni-trier.de/pid/28/3680.html'
'https://dblp.uni-trier.de/pid/80/2956.html'
'https://dblp.uni-trier.de/pid/13/2854.html'
'https://dblp.uni-trier.de/pid/85/5520.html'
'https://dblp.uni-trier.de/pid/w/ReinhardWilhelm.html'
'https://dblp.uni-trier.de/pid/45/6004.html'
'https://dblp.uni-trier.de/pid/37/6148.html'
'https://dblp.uni-trier.de/pid/79/5612.html'
'https://dblp.uni-trier.de/pid/131/2471.html'
'https://dblp.uni-trier.de/pid/36/5799.html'
'https://dblp.uni-trier.de/pid/22/250.html'
'https://dblp.uni-trier.de/pid/15/999.html'
'https://dblp.uni-trier.de/pid/64/3883.html'
'https://dblp.uni-trier.de/pid/69/1383.html'
'https://dblp.uni-trier.de/pid/61/3416.html'
'https://dblp.uni-trier.de/pid/186/0436.html'
'https://dblp.uni-trier.de/pid/63/3208.html'
'https://dblp.uni-trier.de/pid/s/NicolaeSantean.html'
'https://dblp.uni-trier.de/pid/s/VaclavSnasel.html'
'https://dblp.uni-trier.de/pid/15/3718.html'
'https://dblp.uni-trier.de/pid/70/1542.html'
'https://dblp.uni-trier.de/pid/03/5895.html'
'https://dblp.uni-trier.de/pid/80/61.html'
'https://dblp.uni-trier.de/pid/81/6429.html'
'https://dblp.uni-trier.de/pid/01/5931-1.html'
'https://dblp.uni-trier.de/pid/k/JoachimKlein1.html'
'https://dblp.uni-trier.de/pid/l/GaelleLargeteauSkapin.html'
'https://dblp.uni-trier.de/pid/69/6644.html'
'https://dblp.uni-trier.de/pid/147/8557.html'
'https://dblp.uni-trier.de/pid/92/4408-2.html'
'https://dblp.uni-trier.de/pid/g/WilliamIGasarch.html'
'https://dblp.uni-trier.de/pid/24/5109.html'
'https://dblp.uni-trier.de/pid/o/JOteroP.html'
'https://dblp.uni-trier.de/pid/u/EskoUkkonen.html'
'https://dblp.uni-trier.de/pid/75/4604.html'
'https://dblp.uni-trier.de/pid/182/6176.html'
'https://dblp.uni-trier.de/pid/52/7111.html'
'https://dblp.uni-trier.de/pid/166/1600.html'
'https://dblp.uni-trier.de/pid/07/5027.html'
'https://dblp.uni-trier.de/pid/84/4048.html'
'https://dblp.uni-trier.de/pid/292/8936.html'
'https://dblp.uni-trier.de/pid/12/1449.html'
'https://dblp.uni-trier.de/pid/147/8587.html'
'https://dblp.uni-trier.de/pid/57/9125.html'
'https://dblp.uni-trier.de/pid/t/JMTalbot.html'
'https://dblp.uni-trier.de/pid/i/AIngolfsdottir.html'
'https://dblp.uni-trier.de/pid/27/3868.html'
'https://dblp.uni-trier.de/pid/76/5063.html'
'https://dblp.uni-trier.de/pid/20/2344.html'
'https://dblp.uni-trier.de/pid/81/171.html'
'https://dblp.uni-trier.de/pid/c/ArnaudCarayol.html'
'https://dblp.uni-trier.de/pid/263/2917.html'
'https://dblp.uni-trier.de/pid/132/1997.html'
'https://dblp.uni-trier.de/pid/78/997.html'
'https://dblp.uni-trier.de/pid/05/3181.html'
'https://dblp.uni-trier.de/pid/58/10670.html'
'https://dblp.uni-trier.de/pid/147/8529.html'
'https://dblp.uni-trier.de/pid/223/4971.html'
'https://dblp.uni-trier.de/pid/292/7939.html'
'https://dblp.uni-trier.de/pid/83/1062.html'
'https://dblp.uni-trier.de/pid/01/4421.html'
'https://dblp.uni-trier.de/pid/165/8675.html'
'https://dblp.uni-trier.de/pid/98/1205.html'
'https://dblp.uni-trier.de/pid/185/0479.html'
'https://dblp.uni-trier.de/pid/21/4601.html'
'https://dblp.uni-trier.de/pid/85/2685.html'
'https://dblp.uni-trier.de/pid/74/4321.html'
'https://dblp.uni-trier.de/pid/99/4528.html'
'https://dblp.uni-trier.de/pid/76/6823.html'
'https://dblp.uni-trier.de/pid/z/JanZdarek.html'
'https://dblp.uni-trier.de/pid/59/3392.html'
'https://dblp.uni-trier.de/pid/37/2503.html'
'https://dblp.uni-trier.de/pid/80/7247.html'
'https://dblp.uni-trier.de/pid/00/2793.html'
'https://dblp.uni-trier.de/pid/79/3795.html'
'https://dblp.uni-trier.de/pid/292/6337.html'
'https://dblp.uni-trier.de/pid/02/3376.html'
'https://dblp.uni-trier.de/pid/f/HenningFernau.html'
'https://dblp.uni-trier.de/pid/09/5209.html'
'https://dblp.uni-trier.de/pid/s/MichaelISchwartzbach.html'
'https://dblp.uni-trier.de/pid/24/4309.html'
'https://dblp.uni-trier.de/pid/r/GrzegorzRozenberg.html'
'https://dblp.uni-trier.de/pid/64/7671.html'
'https://dblp.uni-trier.de/pid/b/GvBochmann.html'
'https://dblp.uni-trier.de/pid/k/ShmuelTomiKlein.html'
'https://dblp.uni-trier.de/pid/l/KimGuldstrandLarsen.html'
'https://dblp.uni-trier.de/pid/a/LucaAceto.html'
'https://dblp.uni-trier.de/pid/72/5451.html'
'https://dblp.uni-trier.de/pid/23/3778.html'
'https://dblp.uni-trier.de/pid/86/4985.html'
'https://dblp.uni-trier.de/pid/04/2667-1.html'
'https://dblp.uni-trier.de/pid/321/6311.html'
'https://dblp.uni-trier.de/pid/93/4971.html'
'https://dblp.uni-trier.de/pid/136/2163.html'
'https://dblp.uni-trier.de/pid/33/1518.html'
'https://dblp.uni-trier.de/pid/48/3591.html'
'https://dblp.uni-trier.de/pid/176/8779.html'
'https://dblp.uni-trier.de/pid/h/DavidHarel.html'
'https://dblp.uni-trier.de/pid/82/730.html'
'https://dblp.uni-trier.de/pid/29/3150.html'
'https://dblp.uni-trier.de/pid/65/5953.html'
'https://dblp.uni-trier.de/pid/228/6835.html'
'https://dblp.uni-trier.de/pid/146/7766.html'
'https://dblp.uni-trier.de/pid/32/6117.html'
'https://dblp.uni-trier.de/pid/87/3812.html'
'https://dblp.uni-trier.de/pid/46/4291.html'
'https://dblp.uni-trier.de/pid/49/4575.html'
'https://dblp.uni-trier.de/pid/71/5443.html'
'https://dblp.uni-trier.de/pid/35/1544.html'
'https://dblp.uni-trier.de/pid/k/NilsKlarlund.html'
'https://dblp.uni-trier.de/pid/27/2249.html'
'https://dblp.uni-trier.de/pid/24/10259.html'
'https://dblp.uni-trier.de/pid/71/1981.html'
'https://dblp.uni-trier.de/pid/194/2376.html'
'https://dblp.uni-trier.de/pid/k/MartinKutrib.html'
'https://dblp.uni-trier.de/pid/k/LilaKari.html'
'https://dblp.uni-trier.de/pid/t/AvrahamTrakhtman.html'
'https://dblp.uni-trier.de/pid/68/5147.html'
'https://dblp.uni-trier.de/pid/46/6328.html'
'https://dblp.uni-trier.de/pid/m/SebastianManeth.html'
'https://dblp.uni-trier.de/pid/23/6190.html'
'https://dblp.uni-trier.de/pid/80/2024.html'
'https://dblp.uni-trier.de/pid/88/1129.html'
'https://dblp.uni-trier.de/pid/82/11198-1.html'
'https://dblp.uni-trier.de/pid/21/8279.html'
'https://dblp.uni-trier.de/pid/a/PAAbdulla.html'
'https://dblp.uni-trier.de/pid/d/FrankDrewes.html'
'https://dblp.uni-trier.de/pid/59/9687.html'
'https://dblp.uni-trier.de/pid/55/118.html'
'https://dblp.uni-trier.de/pid/94/2464.html'
'https://dblp.uni-trier.de/pid/23/293.html'
'https://dblp.uni-trier.de/pid/06/3334.html'
'https://dblp.uni-trier.de/pid/c/MClerbout.html'
'https://dblp.uni-trier.de/pid/181/2007-1.html'
'https://dblp.uni-trier.de/pid/62/4416.html'
'https://dblp.uni-trier.de/pid/85/1157.html'
'https://dblp.uni-trier.de/pid/95/298.html'
'https://dblp.uni-trier.de/pid/77/3565.html'
'https://dblp.uni-trier.de/pid/27/1726.html'
'https://dblp.uni-trier.de/pid/43/5101.html'
'https://dblp.uni-trier.de/pid/36/4618.html'
'https://dblp.uni-trier.de/pid/61/61.html'
'https://dblp.uni-trier.de/pid/k/ShmuelTomiKlein.html'
'https://dblp.uni-trier.de/pid/o/JOteroP.html'
'https://dblp.uni-trier.de/pid/79/6837.html'
'https://dblp.uni-trier.de/pid/t/StefanoTonetta.html'
'https://dblp.uni-trier.de/pid/97/8237.html'
'https://dblp.uni-trier.de/pid/59/2178.html'
'https://dblp.uni-trier.de/pid/223/4899.html'
'https://dblp.uni-trier.de/pid/89/3641.html'
'https://dblp.uni-trier.de/pid/81/5510.html'
'https://dblp.uni-trier.de/pid/08/2582.html'
'https://dblp.uni-trier.de/pid/63/9638.html'
'https://dblp.uni-trier.de/pid/24/3232.html'
'https://dblp.uni-trier.de/pid/a/MiguelAAlonso.html'
'https://dblp.uni-trier.de/pid/48/2296.html'
'https://dblp.uni-trier.de/pid/182/9958.html'
'https://dblp.uni-trier.de/pid/32/3049-1.html'
'https://dblp.uni-trier.de/pid/49/2648.html'
'https://dblp.uni-trier.de/pid/70/6176-2.html'
'https://dblp.uni-trier.de/pid/34/188-1.html'
'https://dblp.uni-trier.de/pid/41/1330.html'
'https://dblp.uni-trier.de/pid/64/3333.html'
'https://dblp.uni-trier.de/pid/08/10670.html'
'https://dblp.uni-trier.de/pid/65/3202.html'
'https://dblp.uni-trier.de/pid/79/7411.html'
'https://dblp.uni-trier.de/pid/84/472.html'
'https://dblp.uni-trier.de/pid/e/OEgecioglu.html'
'https://dblp.uni-trier.de/pid/05/2921.html'
'https://dblp.uni-trier.de/pid/160/8228.html'
'https://dblp.uni-trier.de/pid/23/584.html'
'https://dblp.uni-trier.de/pid/91/5747.html'
'https://dblp.uni-trier.de/pid/61/367.html'
'https://dblp.uni-trier.de/pid/63/9960.html'
'https://dblp.uni-trier.de/pid/b/AhmedBouajjani.html'
'https://dblp.uni-trier.de/pid/58/9670.html'
'https://dblp.uni-trier.de/pid/29/1213.html'
'https://dblp.uni-trier.de/pid/p/NPiterman.html'
'https://dblp.uni-trier.de/pid/29/9960.html'
'https://dblp.uni-trier.de/pid/45/4788.html'
'https://dblp.uni-trier.de/pid/02/929-1.html'
'https://dblp.uni-trier.de/pid/s/FrankStephan.html'
'https://dblp.uni-trier.de/pid/19/892.html'
'https://dblp.uni-trier.de/pid/94/270.html'
'https://dblp.uni-trier.de/pid/55/1359.html'
'https://dblp.uni-trier.de/pid/93/6579.html'
'https://dblp.uni-trier.de/pid/65/9125.html'
'https://dblp.uni-trier.de/pid/53/3527.html'
'https://dblp.uni-trier.de/pid/22/987.html'
'https://dblp.uni-trier.de/pid/74/2120.html'
'https://dblp.uni-trier.de/pid/17/927.html'
'https://dblp.uni-trier.de/pid/68/2186.html'
'https://dblp.uni-trier.de/pid/09/4143.html'
'https://dblp.uni-trier.de/pid/s/MagnusSteinby.html'
'https://dblp.uni-trier.de/pid/91/1979.html'
'https://dblp.uni-trier.de/pid/133/7342.html'
'https://dblp.uni-trier.de/pid/140/7385.html'
'https://dblp.uni-trier.de/pid/125/3621.html'
'https://dblp.uni-trier.de/pid/54/4061.html'
'https://dblp.uni-trier.de/pid/12/2285.html'
'https://dblp.uni-trier.de/pid/62/4876.html'
'https://dblp.uni-trier.de/pid/05/4174.html'
'https://dblp.uni-trier.de/pid/46/4043.html'
'https://dblp.uni-trier.de/pid/k/StavrosKonstantinidis.html'
'https://dblp.uni-trier.de/pid/01/2938.html'
'https://dblp.uni-trier.de/pid/182/6122.html'
'https://dblp.uni-trier.de/pid/34/6797.html'
'https://dblp.uni-trier.de/pid/w/DerickWood.html'
'https://dblp.uni-trier.de/pid/b/ABruggemannKlein.html'
'https://dblp.uni-trier.de/pid/83/6391.html'
'https://dblp.uni-trier.de/pid/67/1510.html'
'https://dblp.uni-trier.de/pid/09/4485.html'
'https://dblp.uni-trier.de/pid/10/624.html'
'https://dblp.uni-trier.de/pid/65/922.html'
'https://dblp.uni-trier.de/pid/45/581.html'
'https://dblp.uni-trier.de/pid/98/6226.html'
'https://dblp.uni-trier.de/pid/71/6552.html'
'https://dblp.uni-trier.de/pid/09/7561.html'
'https://dblp.uni-trier.de/pid/44/5225.html'
'https://dblp.uni-trier.de/pid/05/1762.html'
'https://dblp.uni-trier.de/pid/37/1716.html'
'https://dblp.uni-trier.de/pid/70/1118.html'
'https://dblp.uni-trier.de/pid/60/452.html'
'https://dblp.uni-trier.de/pid/c/AnneCondon.html'
'https://dblp.uni-trier.de/pid/129/5650.html'
'https://dblp.uni-trier.de/pid/44/90.html'
'https://dblp.uni-trier.de/pid/203/8161.html'
'https://dblp.uni-trier.de/pid/36/6517.html'
'https://dblp.uni-trier.de/pid/54/7174.html'
'https://dblp.uni-trier.de/pid/51/1316.html'
'https://dblp.uni-trier.de/pid/43/8172.html'
'https://dblp.uni-trier.de/pid/n/JNiehren.html'
'https://dblp.uni-trier.de/pid/63/548.html'
'https://dblp.uni-trier.de/pid/35/4166.html'
'https://dblp.uni-trier.de/pid/06/150.html'
'https://dblp.uni-trier.de/pid/45/756.html'
'https://dblp.uni-trier.de/pid/157/8638.html'
'https://dblp.uni-trier.de/pid/118/1460.html'
'https://dblp.uni-trier.de/pid/62/6048.html'
'https://dblp.uni-trier.de/pid/g/JorgeGranaGil.html'
'https://dblp.uni-trier.de/pid/h/FritzHenglein.html'
'https://dblp.uni-trier.de/pid/79/5413.html'
'https://dblp.uni-trier.de/pid/18/1323.html'
'https://dblp.uni-trier.de/pid/37/3263.html'
'https://dblp.uni-trier.de/pid/82/9959.html'
'https://dblp.uni-trier.de/pid/h/DieterHofbauer.html'
'https://dblp.uni-trier.de/pid/30/3940-1.html'
'https://dblp.uni-trier.de/pid/16/5983.html'
'https://dblp.uni-trier.de/pid/132/1962.html'
'https://dblp.uni-trier.de/pid/95/4315.html'
'https://dblp.uni-trier.de/pid/81/1215.html'
'https://dblp.uni-trier.de/pid/37/153.html'
'https://dblp.uni-trier.de/pid/87/3323.html'
'https://dblp.uni-trier.de/pid/48/609.html'
'https://dblp.uni-trier.de/pid/01/4388.html'
'https://dblp.uni-trier.de/pid/59/6051.html'
'https://dblp.uni-trier.de/pid/11/6327.html'
'https://dblp.uni-trier.de/pid/91/5828.html'
'https://dblp.uni-trier.de/pid/05/4417.html'
'https://dblp.uni-trier.de/pid/16/613.html'
'https://dblp.uni-trier.de/pid/53/221.html'
'https://dblp.uni-trier.de/pid/321/6043.html'
'https://dblp.uni-trier.de/pid/41/4735.html'
'https://dblp.uni-trier.de/pid/71/2618.html'
'https://dblp.uni-trier.de/pid/145/5339.html'
'https://dblp.uni-trier.de/pid/71/9491.html'
'https://dblp.uni-trier.de/pid/75/4426.html'
'https://dblp.uni-trier.de/pid/13/5665.html'
'https://dblp.uni-trier.de/pid/n/GonzaloNavarro.html'
'https://dblp.uni-trier.de/pid/43/6032.html'
'https://dblp.uni-trier.de/pid/84/5934.html'
'https://dblp.uni-trier.de/pid/l/HsuehILu.html'
'https://dblp.uni-trier.de/pid/296/0334.html'
'https://dblp.uni-trier.de/pid/201/5360.html'
'https://dblp.uni-trier.de/pid/j/GJiraskova.html'
'https://dblp.uni-trier.de/pid/p/GPaun.html'
'https://dblp.uni-trier.de/pid/89/7966.html'
'https://dblp.uni-trier.de/pid/55/5954.html'
'https://dblp.uni-trier.de/pid/13/6560.html'
'https://dblp.uni-trier.de/pid/93/8654.html'
'https://dblp.uni-trier.de/pid/o/JoseNunoOliveira.html'
'https://dblp.uni-trier.de/pid/e/AEhrenfeucht.html'
'https://dblp.uni-trier.de/pid/81/2648.html'
'https://dblp.uni-trier.de/pid/55/6739.html'
'https://dblp.uni-trier.de/pid/38/7215.html'
'https://dblp.uni-trier.de/pid/76/5200.html'
'https://dblp.uni-trier.de/pid/51/7703.html'
'https://dblp.uni-trier.de/pid/00/4758.html'
'https://dblp.uni-trier.de/pid/v/JesusVilares.html'
'https://dblp.uni-trier.de/pid/97/5256.html'
'https://dblp.uni-trier.de/pid/64/1580.html'
'https://dblp.uni-trier.de/pid/15/5377.html'
'https://dblp.uni-trier.de/pid/66/3456.html'
'https://dblp.uni-trier.de/pid/b/JABrzozowski.html'
'https://dblp.uni-trier.de/pid/k/ErnestKetchaNgassam.html'
'https://dblp.uni-trier.de/pid/s/JeffreyShallit.html'
'https://dblp.uni-trier.de/pid/154/2814.html'
'https://dblp.uni-trier.de/pid/48/7737.html'
'https://dblp.uni-trier.de/pid/153/1880.html'
'https://dblp.uni-trier.de/pid/78/3954.html'
'https://dblp.uni-trier.de/pid/47/1298.html'
'https://dblp.uni-trier.de/pid/13/9960.html'
'https://dblp.uni-trier.de/pid/03/828.html'
'https://dblp.uni-trier.de/pid/95/2224.html'
'https://dblp.uni-trier.de/pid/55/10307.html'
'https://dblp.uni-trier.de/pid/g/RobJvanGlabbeek.html'
'https://dblp.uni-trier.de/pid/96/10107.html'
'https://dblp.uni-trier.de/pid/13/1566.html'
'https://dblp.uni-trier.de/pid/67/3488.html'
'https://dblp.uni-trier.de/pid/t/AvrahamTrakhtman.html'
'https://dblp.uni-trier.de/pid/01/5035.html'
'https://dblp.uni-trier.de/pid/l/DenisLugiez.html'
'https://dblp.uni-trier.de/pid/p/FernandoCNPereira.html'
'https://dblp.uni-trier.de/pid/79/11143.html'
'https://dblp.uni-trier.de/pid/68/3528.html'
'https://dblp.uni-trier.de/pid/66/1105.html'
'https://dblp.uni-trier.de/pid/24/616.html'
'https://dblp.uni-trier.de/pid/73/3073.html'
'https://dblp.uni-trier.de/pid/15/3639.html'
'https://dblp.uni-trier.de/pid/12/4149.html'
'https://dblp.uni-trier.de/pid/86/8147.html'
'https://dblp.uni-trier.de/pid/56/545.html'
'https://dblp.uni-trier.de/pid/30/5254.html'
'https://dblp.uni-trier.de/pid/04/692.html'
'https://dblp.uni-trier.de/pid/24/3612.html'
'https://dblp.uni-trier.de/pid/99/1040.html'
'https://dblp.uni-trier.de/pid/03/67.html'
'https://dblp.uni-trier.de/pid/13/6695.html'
'https://dblp.uni-trier.de/pid/43/2330.html'
'https://dblp.uni-trier.de/pid/91/3645.html'
'https://dblp.uni-trier.de/pid/47/3237.html'
'https://dblp.uni-trier.de/pid/02/5630.html'
'https://dblp.uni-trier.de/pid/14/133.html'
'https://dblp.uni-trier.de/pid/77/3751.html'
'https://dblp.uni-trier.de/pid/69/4259.html'
'https://dblp.uni-trier.de/pid/09/1765.html'
'https://dblp.uni-trier.de/pid/318/2744.html'
'https://dblp.uni-trier.de/pid/66/9959.html'
'https://dblp.uni-trier.de/pid/v/JesusVilares.html'
'https://dblp.uni-trier.de/pid/h/MasamiHagiya.html'
'https://dblp.uni-trier.de/pid/23/2503.html'
'https://dblp.uni-trier.de/pid/38/5599.html'
'https://dblp.uni-trier.de/pid/i/LucianIlie.html'
'https://dblp.uni-trier.de/pid/97/374.html'
'https://dblp.uni-trier.de/pid/81/3428.html'
'https://dblp.uni-trier.de/pid/267/9809.html'
'https://dblp.uni-trier.de/pid/06/761.html'
'https://dblp.uni-trier.de/pid/34/5632.html'
'https://dblp.uni-trier.de/pid/09/1814.html'
'https://dblp.uni-trier.de/pid/97/10625.html'
'https://dblp.uni-trier.de/pid/179/2511.html'
'https://dblp.uni-trier.de/pid/07/10360.html'
'https://dblp.uni-trier.de/pid/05/2645.html'
'https://dblp.uni-trier.de/pid/68/4299.html'
'https://dblp.uni-trier.de/pid/85/733.html'
'https://dblp.uni-trier.de/pid/49/4386.html'
'https://dblp.uni-trier.de/pid/08/4932.html'
'https://dblp.uni-trier.de/pid/125/2364.html'
'https://dblp.uni-trier.de/pid/m/RobertEMercer.html'
'https://dblp.uni-trier.de/pid/92/2418.html'
'https://dblp.uni-trier.de/pid/y/HsuChunYen.html'
'https://dblp.uni-trier.de/pid/244/2665.html'
'https://dblp.uni-trier.de/pid/28/881.html'
'https://dblp.uni-trier.de/pid/42/6841.html'
'https://dblp.uni-trier.de/pid/34/5542.html'
'https://dblp.uni-trier.de/pid/61/649.html'
'https://dblp.uni-trier.de/pid/74/837.html'
'https://dblp.uni-trier.de/pid/32/618.html'
'https://dblp.uni-trier.de/pid/51/5888.html'
'https://dblp.uni-trier.de/pid/142/1133.html'
'https://dblp.uni-trier.de/pid/z/HZantema.html'
'https://dblp.uni-trier.de/pid/s/JWSu.html'
'https://dblp.uni-trier.de/pid/86/6994.html'
'https://dblp.uni-trier.de/pid/118/1344.html'
'https://dblp.uni-trier.de/pid/c/RCCarrasco.html'
'https://dblp.uni-trier.de/pid/49/1174.html'
'https://dblp.uni-trier.de/pid/g/GiusiCastiglione.html'
'https://dblp.uni-trier.de/pid/58/2201.html'
'https://dblp.uni-trier.de/pid/84/635.html'
'https://dblp.uni-trier.de/pid/44/2355.html'
'https://dblp.uni-trier.de/pid/73/924.html'
'https://dblp.uni-trier.de/pid/74/441.html'
'https://dblp.uni-trier.de/pid/19/336.html'
'https://dblp.uni-trier.de/pid/11/4474.html'
'https://dblp.uni-trier.de/pid/73/3804.html'
'https://dblp.uni-trier.de/pid/42/2723.html'
'https://dblp.uni-trier.de/pid/n/NelmaMoreira.html'
'https://dblp.uni-trier.de/pid/w/PierreWolper.html'
'https://dblp.uni-trier.de/pid/02/624.html'
'https://dblp.uni-trier.de/pid/37/9960.html'
'https://dblp.uni-trier.de/pid/00/6512.html'
'https://dblp.uni-trier.de/pid/c/BCourcelle.html'
'https://dblp.uni-trier.de/pid/46/1614.html'
'https://dblp.uni-trier.de/pid/68/8774.html'
'https://dblp.uni-trier.de/pid/g/AlfonsGeser.html'
'https://dblp.uni-trier.de/pid/47/6609.html'
'https://dblp.uni-trier.de/pid/32/6061.html'
'https://dblp.uni-trier.de/pid/40/2574.html'
'https://dblp.uni-trier.de/pid/40/684.html'
'https://dblp.uni-trier.de/pid/g/RobertGiegerich.html'
'https://dblp.uni-trier.de/pid/89/931.html'
'https://dblp.uni-trier.de/pid/73/924.html'
'https://dblp.uni-trier.de/pid/182/6182.html'
'https://dblp.uni-trier.de/pid/51/8776.html'
'https://dblp.uni-trier.de/pid/10/994.html'
'https://dblp.uni-trier.de/pid/89/4269.html'
'https://dblp.uni-trier.de/pid/69/1625.html'
'https://dblp.uni-trier.de/pid/03/3972.html'
'https://dblp.uni-trier.de/pid/65/4683.html'
'https://dblp.uni-trier.de/pid/r/WojciechRytter.html'
'https://dblp.uni-trier.de/pid/93/7172.html'
'https://dblp.uni-trier.de/pid/71/5675.html'
'https://dblp.uni-trier.de/pid/87/1132.html'
'https://dblp.uni-trier.de/pid/02/1922.html'
'https://dblp.uni-trier.de/pid/165/8672.html'
'https://dblp.uni-trier.de/pid/84/1588.html'
'https://dblp.uni-trier.de/pid/47/6419.html'
'https://dblp.uni-trier.de/pid/20/999.html'
'https://dblp.uni-trier.de/pid/b/BenediktBollig.html'
'https://dblp.uni-trier.de/pid/b/FBlanchetSadri.html'
'https://dblp.uni-trier.de/pid/51/533.html'
'https://dblp.uni-trier.de/pid/v/HeikoVogler.html'
'https://dblp.uni-trier.de/pid/44/3505-1.html'
'https://dblp.uni-trier.de/pid/j/HJurgensen.html'
'https://dblp.uni-trier.de/pid/90/1344.html'
'https://dblp.uni-trier.de/pid/190/7312.html'
'https://dblp.uni-trier.de/pid/h/KeesHemerik.html'
'https://dblp.uni-trier.de/pid/69/340.html'
'https://dblp.uni-trier.de/pid/48/1067.html'
'https://dblp.uni-trier.de/pid/14/3402.html'
'https://dblp.uni-trier.de/pid/85/1477.html'
'https://dblp.uni-trier.de/pid/37/1275.html'
'https://dblp.uni-trier.de/pid/g/MihaelaGheorghiuBobaru.html'
'https://dblp.uni-trier.de/pid/17/4893.html'
'https://dblp.uni-trier.de/pid/117/1582.html'
'https://dblp.uni-trier.de/pid/h/CdlHiguera.html'
'https://dblp.uni-trier.de/pid/94/756.html'
'https://dblp.uni-trier.de/pid/26/4241.html'
'https://dblp.uni-trier.de/pid/h/MarkusHolzer1.html'
'https://dblp.uni-trier.de/pid/92/5487.html'
'https://dblp.uni-trier.de/pid/64/762.html'
'https://dblp.uni-trier.de/pid/31/7172.html'
'https://dblp.uni-trier.de/pid/92/768.html'
'https://dblp.uni-trier.de/pid/146/0422.html'
'https://dblp.uni-trier.de/pid/t/PeterThiemann.html'
'https://dblp.uni-trier.de/pid/m/AMorzenti.html'
'https://dblp.uni-trier.de/pid/80/2956.html'
'https://dblp.uni-trier.de/pid/249/5355.html'
'https://dblp.uni-trier.de/pid/13/5961.html'
'https://dblp.uni-trier.de/pid/47/4049.html'
'https://dblp.uni-trier.de/pid/m/FilippoMignosi.html'
'https://dblp.uni-trier.de/pid/11/4210.html'
'https://dblp.uni-trier.de/pid/51/1896.html'
'https://dblp.uni-trier.de/pid/54/1797.html'
'https://dblp.uni-trier.de/pid/93/263.html'
'https://dblp.uni-trier.de/pid/77/1889.html'
'https://dblp.uni-trier.de/pid/63/2821.html'
'https://dblp.uni-trier.de/pid/g/JorgeGranaGil.html'
'https://dblp.uni-trier.de/pid/88/7174.html'
'https://dblp.uni-trier.de/pid/75/286.html'
'https://dblp.uni-trier.de/pid/20/1900.html'
'https://dblp.uni-trier.de/pid/59/1067.html'
'https://dblp.uni-trier.de/pid/03/5448.html'
'https://dblp.uni-trier.de/pid/05/2717.html'
'https://dblp.uni-trier.de/pid/74/5910.html'
'https://dblp.uni-trier.de/pid/91/2771.html'
'https://dblp.uni-trier.de/pid/75/2891.html'
'https://dblp.uni-trier.de/pid/70/3307.html'
'https://dblp.uni-trier.de/pid/80/1808.html'
'https://dblp.uni-trier.de/pid/e/JEsparza.html'
'https://dblp.uni-trier.de/pid/147/8509.html'
'https://dblp.uni-trier.de/pid/67/6448.html'
'https://dblp.uni-trier.de/pid/83/2086.html'
'https://dblp.uni-trier.de/pid/27/606.html'
'https://dblp.uni-trier.de/pid/39/386-1.html'
'https://dblp.uni-trier.de/pid/s/ISimplotRyl.html'
'https://dblp.uni-trier.de/pid/70/4605.html'
'https://dblp.uni-trier.de/pid/00/5897.html'
'https://dblp.uni-trier.de/pid/74/4110.html'
'https://dblp.uni-trier.de/pid/58/4731.html'
'https://dblp.uni-trier.de/pid/d/MarkDaley.html'
'https://dblp.uni-trier.de/pid/50/6237.html'
'https://dblp.uni-trier.de/pid/01/880.html'
'https://dblp.uni-trier.de/pid/33/2120.html'
'https://dblp.uni-trier.de/pid/66/6771.html'
'https://dblp.uni-trier.de/pid/32/1457.html'
'https://dblp.uni-trier.de/pid/182/6157.html'
'https://dblp.uni-trier.de/pid/93/3383.html'
'https://dblp.uni-trier.de/pid/17/6905.html'
'https://dblp.uni-trier.de/pid/43/6368.html'
'https://dblp.uni-trier.de/pid/22/639.html'
'https://dblp.uni-trier.de/pid/h/HaraldHempel.html'
'https://dblp.uni-trier.de/pid/33/2837.html'
'https://dblp.uni-trier.de/pid/s/HelmutSeidl.html'
'https://dblp.uni-trier.de/pid/96/5273.html'
'https://dblp.uni-trier.de/pid/96/438.html'
'https://dblp.uni-trier.de/pid/r/BSundarRajan.html'
'https://dblp.uni-trier.de/pid/i/CSIliopoulos.html'
'https://dblp.uni-trier.de/pid/50/6664.html'
'https://dblp.uni-trier.de/pid/30/3557-5.html'
'https://dblp.uni-trier.de/pid/59/3949.html'
'https://dblp.uni-trier.de/pid/67/55.html'
'https://dblp.uni-trier.de/pid/43/5661.html'
'https://dblp.uni-trier.de/pid/20/118.html'
'https://dblp.uni-trier.de/pid/r/SusanHRodger.html'
'https://dblp.uni-trier.de/pid/247/4205.html'
'https://dblp.uni-trier.de/pid/b/JeanBerstel.html'
'https://dblp.uni-trier.de/pid/83/563.html'
'https://dblp.uni-trier.de/pid/00/7175.html'
'https://dblp.uni-trier.de/pid/09/246.html'
'https://dblp.uni-trier.de/pid/22/6627.html'
'https://dblp.uni-trier.de/pid/68/7172.html'
'https://dblp.uni-trier.de/pid/98/2498.html'
'https://dblp.uni-trier.de/pid/50/1007.html'
'https://dblp.uni-trier.de/pid/64/3701.html'
'https://dblp.uni-trier.de/pid/72/463.html'
'https://dblp.uni-trier.de/pid/55/591.html'
'https://dblp.uni-trier.de/pid/191/3141-1.html'
'https://dblp.uni-trier.de/pid/97/10871.html'
'https://dblp.uni-trier.de/pid/49/3088.html'
'https://dblp.uni-trier.de/pid/74/6087.html'
'https://dblp.uni-trier.de/pid/23/6419.html'
'https://dblp.uni-trier.de/pid/09/4704.html'
'https://dblp.uni-trier.de/pid/16/8319.html'
'https://dblp.uni-trier.de/pid/176/5082.html'
'https://dblp.uni-trier.de/pid/10/4341.html'
'https://dblp.uni-trier.de/pid/27/10482.html'
'https://dblp.uni-trier.de/pid/38/4538.html'
'https://dblp.uni-trier.de/pid/98/6256.html'
'https://dblp.uni-trier.de/pid/192/1754.html'
'https://dblp.uni-trier.de/pid/16/6072.html'
'https://dblp.uni-trier.de/pid/13/6092.html'
'https://dblp.uni-trier.de/pid/99/1614.html'
'https://dblp.uni-trier.de/pid/137/8219.html'
'https://dblp.uni-trier.de/pid/25/140.html'
'https://dblp.uni-trier.de/pid/133/6735.html'
'https://dblp.uni-trier.de/pid/78/5300.html'
'https://dblp.uni-trier.de/pid/59/6488.html'
'https://dblp.uni-trier.de/pid/63/2301.html'
'https://dblp.uni-trier.de/pid/65/3249.html'
'https://dblp.uni-trier.de/pid/d/ManfredDroste.html'
'https://dblp.uni-trier.de/pid/k/ChristophKoch.html'
'https://dblp.uni-trier.de/pid/31/7223.html'
'https://dblp.uni-trier.de/pid/321/6412.html'
'https://dblp.uni-trier.de/pid/52/991.html'
'https://dblp.uni-trier.de/pid/30/3872.html'
